Forest_LCP/Forest_elevation.asc
ncols        230
nrows        180
xllcorner    -120.054305556000
yllcorner    38.897361110946
cellsize     0.000277777778
NODATA_value -32768
[rows 160 to 179 of 180, columns 132 to 175 of 230]
1969.2125244140625 1958.2127685546875 1950.2130126953125 1945.2132568359375 1940.2135009765625 1938.2138671875 1936.214111328125 1930.21435546875 1924.214599609375 1920.21484375 1919.2152099609375 1918.2154541015625 1917.2156982421875 1919.2159423828125 1918.2161865234375 1915.216552734375 1909.216796875 1908.217041015625 1906.21728515625 1905.217529296875 1903.2178955078125 1901.2181396484375 1901.2183837890625 1901.2186279296875 1901.2188720703125 1902.21923828125 1902.219482421875 1900.2197265625 1900.219970703125 1901.22021484375 1903.220458984375 1903.2208251953125 1903.2210693359375 1904.2213134765625 1904.2215576171875 1906.221923828125 1908.22216796875 1908.222412109375 1908.22265625 1907.222900390625 1906.22314453125 1904.2235107421875 1906.2237548828125 1912.2239990234375
1966.212158203125 1956.21240234375 1949.212646484375 1945.2130126953125 1940.2132568359375 1936.2135009765625 1933.2137451171875 1928.2139892578125 1921.21435546875 1921.214599609375 1920.21484375 1918.215087890625 1920.21533203125 1923.2156982421875 1922.2159423828125 1916.2161865234375 1908.2164306640625 1904.2166748046875 1904.217041015625 1905.21728515625 1905.217529296875 1903.2177734375 1902.218017578125 1902.2183837890625 1902.2186279296875 1902.2188720703125 1902.2191162109375 1900.2193603515625 1899.2197265625 1900.219970703125 1902.22021484375 1902.220458984375 1902.220703125 1904.2210693359375 1904.2213134765625 1904.2215576171875 1905.2218017578125 1905.2220458984375 1904.222412109375 1905.22265625 1906.222900390625 1905.22314453125 1907.223388671875 1912.2237548828125
1959.2119140625 1954.212158203125 1948.21240234375 1944.212646484375 1938.212890625 1934.2132568359375 1932.2135009765625 1926.2137451171875 1920.2139892578125 1921.2142333984375 1920.214599609375 1918.21484375 1920.215087890625 1923.21533203125 1923.215576171875 1914.2159423828125 1905.2161865234375 1903.2164306640625 1903.2166748046875 1905.2169189453125 1906.21728515625 1906.217529296875 1904.2177734375 1903.218017578125 1902.21826171875 1901.2186279296875 1902.2188720703125 1901.2191162109375 1901.2193603515625 1900.2196044921875 1902.219970703125 1902.22021484375 1902.220458984375 1903.220703125 1903.220947265625 1902.2213134765625 1903.2215576171875 1903.2218017578125 1904.2220458984375 1906.2222900390625 1907.22265625 1907.222900390625 1909.22314453125 1914.223388671875
1957.2115478515625 1951.2117919921875 1948.2120361328125 1943.21240234375 1937.212646484375 1933.212890625 1932.213134765625 1926.21337890625 1923.2137451171875 1923.2139892578125 1922.2142333984375 1920.2144775390625 1920.2147216796875 1921.215087890625 1919.21533203125 1913.215576171875 1905.2158203125 1903.216064453125 1903.2164306640625 1904.2166748046875 1906.2169189453125 1907.2171630859375 1907.217529296875 1904.2177734375 1902.218017578125 1902.21826171875 1903.218505859375 1907.2188720703125 1907.2191162109375 1904.2193603515625 1902.2196044921875 1901.2198486328125 1901.22021484375 1902.220458984375 1902.220703125 1903.220947265625 1905.22119140625 1906.2215576171875 1906.2218017578125 1909.2220458984375 1911.2222900390625 1909.2225341796875 1911.222900390625 1916.22314453125
1956.211181640625 1952.2115478515625 1944.2117919921875 1939.2120361328125 1935.2122802734375 1931.212646484375 1931.212890625 1927.213134765625 1925.21337890625 1926.213623046875 1924.2139892578125 1923.2142333984375 1921.2144775390625 1919.2147216796875 1920.2149658203125 1915.21533203125 1909.215576171875 1905.2158203125 1904.216064453125 1905.21630859375 1906.2166748046875 1907.2169189453125 1907.2171630859375 1905.2174072265625 1903.2177734375 1905.218017578125 1909.21826171875 1911.218505859375 1913.21875 1909.2191162109375 1903.2193603515625 1902.2196044921875 1902.2198486328125 1902.2200927734375 1902.220458984375 1902.220703125 1914.220947265625 1908.22119140625 1906.221435546875 1912.2218017578125 1914.2220458984375 1916.2222900390625 1917.2225341796875 1920.222900390625
1954.2109375 1950.211181640625 1942.21142578125 1933.2117919921875 1930.2120361328125 1930.2122802734375 1930.2125244140625 1928.2127685546875 1926.213134765625 1926.21337890625 1924.213623046875 1922.2138671875 1921.214111328125 1921.2144775390625 1920.2147216796875 1918.2149658203125 1913.2152099609375 1910.215576171875 1910.2158203125 1909.216064453125 1908.21630859375 1906.216552734375 1906.2169189453125 1905.2171630859375 1909.2174072265625 1913.2176513671875 1914.2178955078125 1913.21826171875 1915.218505859375 1915.21875 1910.218994140625 1906.2193603515625 1905.2196044921875 1905.2198486328125 1903.2200927734375 1905.2203369140625 1920.220703125 1914.220947265625 1915.22119140625 1914.221435546875 1918.2216796875 1921.2220458984375 1923.2222900390625 1923.2225341796875
1955.2105712890625 1951.2109375 1942.211181640625 1932.21142578125 1927.211669921875 1928.2119140625 1929.2122802734375 1928.2125244140625 1927.2127685546875 1925.2130126953125 1923.21337890625 1922.213623046875 1919.2138671875 1918.214111328125 1917.21435546875 1912.2147216796875 1910.2149658203125 1913.2152099609375 1914.2154541015625 1913.2158203125 1911.216064453125 1909.21630859375 1908.216552734375 1911.216796875 1915.2171630859375 1919.2174072265625 1918.2176513671875 1917.2178955078125 1917.2181396484375 1918.218505859375 1918.21875 1915.218994140625 1913.21923828125 1911.2196044921875 1908.2198486328125 1913.2200927734375 1923.2203369140625 1924.2205810546875 1924.220947265625 1924.22119140625 1927.221435546875 1928.2216796875 1927.221923828125 1927.2222900390625
1952.2103271484375 1946.2105712890625 1940.2108154296875 1933.211181640625 1929.21142578125 1927.211669921875 1927.2119140625 1928.212158203125 1927.2125244140625 1921.2127685546875 1920.2130126953125 1920.2132568359375 1917.213623046875 1914.2138671875 1911.214111328125 1908.21435546875 1908.214599609375 1911.2149658203125 1914.2152099609375 1916.2154541015625 1917.2156982421875 1916.2159423828125 1917.21630859375 1915.216552734375 1918.216796875 1921.217041015625 1922.2174072265625 1922.2176513671875 1921.2178955078125 1925.2181396484375 1925.2183837890625 1921.21875 1921.218994140625 1917.21923828125 1916.219482421875 1919.2198486328125 1924.2200927734375 1925.2203369140625 1926.2205810546875 1931.2208251953125 1935.22119140625 1937.221435546875 1935.2216796875 1935.221923828125
1953.2099609375 1944.2103271484375 1938.2105712890625 1934.2108154296875 1932.2110595703125 1930.2113037109375 1929.211669921875 1930.2119140625 1926.212158203125 1918.21240234375 1917.2127685546875 1917.2130126953125 1916.2132568359375 1913.2135009765625 1912.2137451171875 1911.214111328125 1913.21435546875 1914.214599609375 1916.21484375 1918.2152099609375 1920.2154541015625 1924.2156982421875 1923.2159423828125 1922.2161865234375 1920.216552734375 1923.216796875 1926.217041015625 1927.21728515625 1930.2176513671875 1932.2178955078125 1931.2181396484375 1923.2183837890625 1927.2186279296875 1926.218994140625 1927.21923828125 1925.219482421875 1929.2197265625 1932.2200927734375 1931.2203369140625 1934.2205810546875 1939.2208251953125 1942.2210693359375 1946.221435546875 1949.2216796875
1956.209716796875 1948.2099609375 1939.210205078125 1935.21044921875 1934.2108154296875 1934.2110595703125 1933.2113037109375 1933.2115478515625 1929.2119140625 1920.212158203125 1916.21240234375 1917.212646484375 1917.2130126953125 1915.2132568359375 1914.2135009765625 1916.2137451171875 1919.2139892578125 1919.21435546875 1918.214599609375 1919.21484375 1920.215087890625 1924.2154541015625 1929.2156982421875 1928.2159423828125 1927.2161865234375 1925.2164306640625 1928.216796875 1930.217041015625 1932.21728515625 1931.217529296875 1927.2178955078125 1922.2181396484375 1925.2183837890625 1932.2186279296875 1932.218994140625 1933.21923828125 1936.219482421875 1939.2197265625 1939.219970703125 1944.2203369140625 1944.2205810546875 1947.2208251953125 1950.2210693359375 1957.221435546875
1961.2093505859375 1953.209716796875 1943.2099609375 1939.210205078125 1936.21044921875 1935.210693359375 1934.2110595703125 1934.2113037109375 1931.2115478515625 1923.2117919921875 1916.212158203125 1919.21240234375 1919.212646484375 1917.212890625 1915.213134765625 1918.2135009765625 1921.2137451171875 1920.2139892578125 1918.2142333984375 1919.214599609375 1922.21484375 1925.215087890625 1929.21533203125 1929.2156982421875 1928.2159423828125 1927.2161865234375 1929.2164306640625 1932.2166748046875 1931.217041015625 1927.21728515625 1921.217529296875 1921.2177734375 1927.2181396484375 1932.2183837890625 1937.2186279296875 1941.2188720703125 1944.21923828125 1946.219482421875 1952.2197265625 1956.219970703125 1955.22021484375 1954.2205810546875 1957.2208251953125 1962.2210693359375
1963.2091064453125 1960.2093505859375 1952.2095947265625 1945.2098388671875 1939.210205078125 1934.21044921875 1932.210693359375 1929.2109375 1928.2113037109375 1925.2115478515625 1922.2117919921875 1920.2120361328125 1919.21240234375 1916.212646484375 1915.212890625 1918.213134765625 1921.21337890625 1919.2137451171875 1917.2139892578125 1921.2142333984375 1926.2144775390625 1929.21484375 1930.215087890625 1929.21533203125 1926.215576171875 1925.2159423828125 1928.2161865234375 1929.2164306640625 1929.2166748046875 1927.2169189453125 1924.21728515625 1924.217529296875 1931.2177734375 1937.218017578125 1944.2183837890625 1949.2186279296875 1953.2188720703125 1956.2191162109375 1961.219482421875 1966.2197265625 1967.219970703125 1965.22021484375 1965.2205810546875 1968.2208251953125
1966.208740234375 1966.208984375 1960.2093505859375 1949.2095947265625 1938.2098388671875 1933.2100830078125 1929.21044921875 1925.210693359375 1924.2109375 1925.211181640625 1924.2115478515625 1922.2117919921875 1918.2120361328125 1916.2122802734375 1916.212646484375 1920.212890625 1922.213134765625 1922.21337890625 1920.213623046875 1925.2139892578125 1932.2142333984375 1932.2144775390625 1932.2147216796875 1930.215087890625 1928.21533203125 1928.215576171875 1931.2158203125 1930.2161865234375 1930.2164306640625 1935.2166748046875 1936.2169189453125 1934.21728515625 1939.217529296875 1947.2177734375 1952.218017578125 1956.21826171875 1961.2186279296875 1964.2188720703125 1968.2191162109375 1975.2193603515625 1976.2197265625 1973.219970703125 1973.22021484375 1976.220458984375
1964.20849609375 1964.208740234375 1958.208984375 1946.209228515625 1936.2095947265625 1932.2098388671875 1931.2100830078125 1927.2103271484375 1926.210693359375 1925.2109375 1925.211181640625 1923.21142578125 1921.2117919921875 1918.2120361328125 1920.2122802734375 1924.2125244140625 1926.212890625 1926.213134765625 1924.21337890625 1927.213623046875 1929.2138671875 1932.2142333984375 1932.2144775390625 1933.2147216796875 1931.2149658203125 1932.21533203125 1934.215576171875 1937.2158203125 1935.216064453125 1944.2164306640625 1944.2166748046875 1948.2169189453125 1953.2171630859375 1958.217529296875 1960.2177734375 1963.218017578125 1968.21826171875 1975.2186279296875 1981.2188720703125 1985.2191162109375 1985.2193603515625 1982.2196044921875 1983.219970703125 1986.22021484375
1958.2081298828125 1955.2083740234375 1949.208740234375 1941.208984375 1935.209228515625 1933.20947265625 1933.2098388671875 1930.2100830078125 1927.2103271484375 1924.2105712890625 1923.2109375 1924.211181640625 1922.21142578125 1920.211669921875 1921.2120361328125 1923.2122802734375 1927.2125244140625 1929.2127685546875 1928.213134765625 1927.21337890625 1929.213623046875 1933.2138671875 1939.214111328125 1942.2144775390625 1943.2147216796875 1941.2149658203125 1947.2152099609375 1948.215576171875 1952.2158203125 1957.216064453125 1957.21630859375 1958.2166748046875 1962.2169189453125 1967.2171630859375 1969.2174072265625 1972.2177734375 1979.218017578125 1988.21826171875 1995.218505859375 1998.2188720703125 1998.2191162109375 1996.2193603515625 1997.2196044921875 1997.219970703125
1951.2078857421875 1944.2081298828125 1939.2083740234375 1937.2086181640625 1935.208984375 1933.209228515625 1930.20947265625 1928.209716796875 1926.2100830078125 1923.2103271484375 1921.2105712890625 1922.2108154296875 1924.211181640625 1924.21142578125 1925.211669921875 1923.2119140625 1927.2122802734375 1932.2125244140625 1934.2127685546875 1932.2130126953125 1931.21337890625 1936.213623046875 1943.2138671875 1949.214111328125 1951.2144775390625 1955.2147216796875 1956.2149658203125 1959.2152099609375 1963.215576171875 1969.2158203125 1973.216064453125 1971.21630859375 1973.216552734375 1975.2169189453125 1978.2171630859375 1983.2174072265625 1990.2176513671875 1999.218017578125 2003.21826171875 2007.218505859375 2009.21875 2011.2191162109375 2011.2193603515625 2006.2196044921875
1942.20751953125 1939.207763671875 1936.2081298828125 1934.2083740234375 1933.2086181640625 1930.2088623046875 1925.209228515625 1922.20947265625 1924.209716796875 1924.2099609375 1921.2103271484375 1922.2105712890625 1924.2108154296875 1934.2110595703125 1936.21142578125 1936.211669921875 1934.2119140625 1938.212158203125 1939.2125244140625 1937.2127685546875 1937.2130126953125 1938.2132568359375 1944.213623046875 1952.2138671875 1957.214111328125 1963.21435546875 1964.2147216796875 1968.2149658203125 1972.2152099609375 1976.2154541015625 1979.2158203125 1983.216064453125 1985.21630859375 1986.216552734375 1988.2169189453125 1991.2171630859375 2000.2174072265625 2006.2176513671875 2010.218017578125 2012.21826171875 2017.218505859375 2023.21875 2021.2191162109375 2014.2193603515625
1938.207275390625 1936.20751953125 1935.207763671875 1932.2080078125 1928.2083740234375 1926.2086181640625 1922.2088623046875 1921.2091064453125 1923.20947265625 1927.209716796875 1927.2099609375 1926.210205078125 1930.2105712890625 1936.2108154296875 1941.2110595703125 1943.2113037109375 1942.211669921875 1943.2119140625 1941.212158203125 1948.21240234375 1950.2127685546875 1950.2130126953125 1951.2132568359375 1959.2135009765625 1965.2138671875 1969.214111328125 1974.21435546875 1977.214599609375 1981.2149658203125 1985.2152099609375 1988.2154541015625 1995.2156982421875 1999.216064453125 2001.21630859375 2003.216552734375 2007.216796875 2017.2171630859375 2026.2174072265625 2025.2176513671875 2026.2178955078125 2025.21826171875 2031.218505859375 2027.21875 2017.218994140625
1938.2069091796875 1935.2071533203125 1930.20751953125 1925.207763671875 1924.2080078125 1924.208251953125 1925.2086181640625 1924.2088623046875 1930.2091064453125 1932.2093505859375 1938.209716796875 1939.2099609375 1939.210205078125 1944.21044921875 1949.2108154296875 1949.2110595703125 1951.2113037109375 1949.2115478515625 1951.2119140625 1955.212158203125 1961.21240234375 1961.212646484375 1964.2130126953125 1966.2132568359375 1970.2135009765625 1974.2137451171875 1979.214111328125 1986.21435546875 1991.214599609375 1998.21484375 2002.2152099609375 2008.2154541015625 2012.2156982421875 2015.2159423828125 2017.21630859375 2020.216552734375 2032.216796875 2040.217041015625 2044.2174072265625 2039.2176513671875 2041.2178955078125 2034.2181396484375 2029.218505859375 2017.21875
1936.2066650390625 1930.2069091796875 1925.2071533203125 1920.2073974609375 1922.207763671875 1928.2080078125 1930.208251953125 1934.20849609375 1939.2088623046875 1944.2091064453125 1950.2093505859375 1954.2095947265625 1957.2099609375 1964.210205078125 1964.21044921875 1964.210693359375 1965.2110595703125 1961.2113037109375 1962.2115478515625 1963.2117919921875 1969.212158203125 1969.21240234375 1971.212646484375 1973.212890625 1978.2132568359375 1985.2135009765625 1991.2137451171875 1997.2139892578125 2004.21435546875 2013.214599609375 2018.21484375 2023.215087890625 2029.2154541015625 2030.2156982421875 2031.2159423828125 2035.21630859375 2045.216552734375 2049.216796875 2047.217041015625 2042.2174072265625 2037.2176513671875 2032.2178955078125 2024.2181396484375 2018.218505859375
