Forest_LCP/Forest_elevation.asc
ncols        230
nrows        180
xllcorner    -120.054305556000
yllcorner    38.897361110946
cellsize     0.000277777778
NODATA_value -32768
[rows 0 to 19 of 180, columns 176 to 219 of 230]
1874.27099609375 1874.271240234375 1874.2713623046875 1874.2716064453125 1874.2718505859375 1874.27197265625 1874.272216796875 1874.2724609375 1874.272705078125 1874.2728271484375 1874.2730712890625 1874.2733154296875 1874.2734375 1874.273681640625 1874.27392578125 1874.2740478515625 1874.2742919921875 1874.2745361328125 1874.2747802734375 1874.27490234375 1874.274658203125 1874.2744140625 1874.274169921875 1874.2738037109375 1874.2735595703125 1874.2733154296875 1874.2730712890625 1874.2728271484375 1874.2725830078125 1874.272216796875 1874.27197265625 1874.271728515625 1874.271484375 1874.271240234375 1874.2708740234375 1874.2706298828125 1874.2703857421875 1874.2701416015625 1874.2698974609375 1874.2696533203125 1874.269287109375 1874.26904296875 1874.268798828125 1874.2685546875
1874.270751953125 1874.2708740234375 1874.2711181640625 1874.2713623046875 1874.271484375 1874.271728515625 1874.27197265625 1874.2720947265625 1874.2723388671875 1874.2725830078125 1874.2728271484375 1874.27294921875 1874.273193359375 1874.2734375 1874.2735595703125 1874.2738037109375 1874.2740478515625 1874.274169921875 1874.2744140625 1874.274658203125 1874.2744140625 1874.274169921875 1874.2738037109375 1874.2735595703125 1874.2733154296875 1874.2730712890625 1874.2728271484375 1874.2724609375 1874.272216796875 1874.27197265625 1874.271728515625 1874.271484375 1874.271240234375 1874.2708740234375 1874.2706298828125 1874.2703857421875 1874.2701416015625 1874.2698974609375 1874.26953125 1874.269287109375 1874.26904296875 1874.268798828125 1874.2685546875 1874.268310546875
1874.2703857421875 1874.2706298828125 1874.2708740234375 1874.27099609375 1874.271240234375 1874.271484375 1874.2716064453125 1874.2718505859375 1874.2720947265625 1874.272216796875 1874.2724609375 1874.272705078125 1874.27294921875 1874.2730712890625 1874.2733154296875 1874.2735595703125 1874.273681640625 1874.27392578125 1874.274169921875 1874.2744140625 1874.2740478515625 1874.2738037109375 1874.2735595703125 1874.2733154296875 1874.2730712890625 1874.272705078125 1874.2724609375 1874.272216796875 1874.27197265625 1874.271728515625 1874.271484375 1874.2711181640625 1874.2708740234375 1874.2706298828125 1874.2703857421875 1874.2701416015625 1874.269775390625 1874.26953125 1874.269287109375 1874.26904296875 1874.268798828125 1874.2685546875 1874.2681884765625 1874.2679443359375
1874.2701416015625 1874.270263671875 1874.2705078125 1874.270751953125 1874.27099609375 1874.2711181640625 1874.2713623046875 1874.2716064453125 1874.271728515625 1874.27197265625 1874.272216796875 1874.2724609375 1874.2725830078125 1874.2728271484375 1874.2730712890625 1874.273193359375 1874.2734375 1874.273681640625 1874.27392578125 1874.2740478515625 1874.2738037109375 1874.2735595703125 1874.2733154296875 1874.27294921875 1874.272705078125 1874.2724609375 1874.272216796875 1874.27197265625 1874.271728515625 1874.2713623046875 1874.2711181640625 1874.2708740234375 1874.2706298828125 1874.2703857421875 1874.2701416015625 1874.269775390625 1874.26953125 1874.269287109375 1874.26904296875 1874.268798828125 1874.2684326171875 1874.2681884765625 1874.2679443359375 1874.2677001953125
1874.269775390625 1874.27001953125 1874.270263671875 1874.2703857421875 1874.2706298828125 1874.2708740234375 1874.2711181640625 1874.271240234375 1874.271484375 1874.271728515625 1874.2718505859375 1874.2720947265625 1874.2723388671875 1874.2725830078125 1874.272705078125 1874.27294921875 1874.273193359375 1874.2733154296875 1874.2735595703125 1874.2738037109375 1874.2735595703125 1874.2733154296875 1874.27294921875 1874.272705078125 1874.2724609375 1874.272216796875 1874.27197265625 1874.2716064453125 1874.2713623046875 1874.2711181640625 1874.2708740234375 1874.2706298828125 1874.2703857421875 1874.27001953125 1874.269775390625 1874.26953125 1874.269287109375 1874.26904296875 1874.268798828125 1874.2684326171875 1874.2681884765625 1874.2679443359375 1874.2677001953125 1874.2674560546875
1874.26953125 1874.269775390625 1874.2698974609375 1874.2701416015625 1874.2703857421875 1874.2706298828125 1874.270751953125 1874.27099609375 1874.271240234375 1874.2713623046875 1874.2716064453125 1874.2718505859375 1874.2720947265625 1874.272216796875 1874.2724609375 1874.272705078125 1874.2728271484375 1874.2730712890625 1874.2733154296875 1874.2735595703125 1874.273193359375 1874.27294921875 1874.272705078125 1874.2724609375 1874.272216796875 1874.27197265625 1874.2716064453125 1874.2713623046875 1874.2711181640625 1874.2708740234375 1874.2706298828125 1874.270263671875 1874.27001953125 1874.269775390625 1874.26953125 1874.269287109375 1874.26904296875 1874.2686767578125 1874.2684326171875 1874.2681884765625 1874.2679443359375 1874.2677001953125 1874.2674560546875 1874.26708984375
1874.269287109375 1874.2694091796875 1874.2696533203125 1874.2698974609375 1874.27001953125 1874.270263671875 1874.2705078125 1874.270751953125 1874.2708740234375 1874.2711181640625 1874.2713623046875 1874.271484375 1874.271728515625 1874.27197265625 1874.272216796875 1874.2723388671875 1874.2725830078125 1874.2728271484375 1874.27294921875 1874.273193359375 1874.27294921875 1874.272705078125 1874.2724609375 1874.272216796875 1874.2718505859375 1874.2716064453125 1874.2713623046875 1874.2711181640625 1874.2708740234375 1874.2705078125 1874.270263671875 1874.27001953125 1874.269775390625 1874.26953125 1874.269287109375 1874.2689208984375 1874.2686767578125 1874.2684326171875 1874.2681884765625 1874.2679443359375 1874.2677001953125 1874.267333984375 1874.26708984375 1874.266845703125
1874.2689208984375 1874.2691650390625 1874.2694091796875 1874.26953125 1874.269775390625 1874.27001953125 1874.270263671875 1874.2703857421875 1874.2706298828125 1874.2708740234375 1874.27099609375 1874.271240234375 1874.271484375 1874.271728515625 1874.2718505859375 1874.2720947265625 1874.2723388671875 1874.2724609375 1874.272705078125 1874.27294921875 1874.272705078125 1874.2724609375 1874.2720947265625 1874.2718505859375 1874.2716064453125 1874.2713623046875 1874.2711181640625 1874.2708740234375 1874.2705078125 1874.270263671875 1874.27001953125 1874.269775390625 1874.26953125 1874.269287109375 1874.2689208984375 1874.2686767578125 1874.2684326171875 1874.2681884765625 1874.2679443359375 1874.267578125 1874.267333984375 1874.26708984375 1874.266845703125 1874.2666015625
1874.2686767578125 1874.268798828125 1874.26904296875 1874.269287109375 1874.26953125 1874.2696533203125 1874.2698974609375 1874.2701416015625 1874.2703857421875 1874.2705078125 1874.270751953125 1874.27099609375 1874.2711181640625 1874.2713623046875 1874.2716064453125 1874.2718505859375 1874.27197265625 1874.272216796875 1874.2724609375 1874.272705078125 1874.2723388671875 1874.2720947265625 1874.2718505859375 1874.2716064453125 1874.2713623046875 1874.2711181640625 1874.270751953125 1874.2705078125 1874.270263671875 1874.27001953125 1874.269775390625 1874.26953125 1874.2691650390625 1874.2689208984375 1874.2686767578125 1874.2684326171875 1874.2681884765625 1874.2679443359375 1874.267578125 1874.267333984375 1874.26708984375 1874.266845703125 1874.2666015625 1874.266357421875
1874.268310546875 1874.2685546875 1874.268798828125 1874.26904296875 1874.2691650390625 1874.2694091796875 1874.2696533203125 1874.269775390625 1874.27001953125 1874.270263671875 1874.2705078125 1874.2706298828125 1874.2708740234375 1874.2711181640625 1874.2713623046875 1874.271484375 1874.271728515625 1874.27197265625 1874.2720947265625 1874.2723388671875 1874.2720947265625 1874.2718505859375 1874.2716064453125 1874.2713623046875 1874.27099609375 1874.270751953125 1874.2705078125 1874.270263671875 1874.27001953125 1874.269775390625 1874.2694091796875 1874.2691650390625 1874.2689208984375 1874.2686767578125 1874.2684326171875 1874.2681884765625 1874.267822265625 1874.267578125 1874.267333984375 1874.26708984375 1874.266845703125 1874.2666015625 1874.2662353515625 1874.2659912109375
1874.26806640625 1874.268310546875 1874.2684326171875 1874.2686767578125 1874.2689208984375 1874.2691650390625 1874.269287109375 1874.26953125 1874.269775390625 1874.27001953125 1874.2701416015625 1874.2703857421875 1874.2706298828125 1874.270751953125 1874.27099609375 1874.271240234375 1874.271484375 1874.2716064453125 1874.2718505859375 1874.2720947265625 1874.2718505859375 1874.2716064453125 1874.271240234375 1874.27099609375 1874.270751953125 1874.2705078125 1874.270263671875 1874.27001953125 1874.2696533203125 1874.2694091796875 1874.2691650390625 1874.2689208984375 1874.2686767578125 1874.2684326171875 1874.26806640625 1874.267822265625 1874.267578125 1874.267333984375 1874.26708984375 1874.266845703125 1874.2664794921875 1874.2662353515625 1874.2659912109375 1874.2657470703125
1874.267822265625 1874.2679443359375 1874.2681884765625 1874.2684326171875 1874.2686767578125 1874.268798828125 1874.26904296875 1874.269287109375 1874.2694091796875 1874.2696533203125 1874.2698974609375 1874.2701416015625 1874.270263671875 1874.2705078125 1874.270751953125 1874.27099609375 1874.2711181640625 1874.2713623046875 1874.2716064453125 1874.2718505859375 1874.271484375 1874.271240234375 1874.27099609375 1874.270751953125 1874.2705078125 1874.270263671875 1874.2698974609375 1874.2696533203125 1874.2694091796875 1874.2691650390625 1874.2689208984375 1874.2686767578125 1874.268310546875 1874.26806640625 1874.267822265625 1874.267578125 1874.267333984375 1874.26708984375 1874.2667236328125 1874.2664794921875 1874.2662353515625 1874.2659912109375 1874.2657470703125 1874.2655029296875
1874.2674560546875 1874.2677001953125 1874.2679443359375 1874.26806640625 1874.268310546875 1874.2685546875 1874.268798828125 1874.2689208984375 1874.2691650390625 1874.2694091796875 1874.2696533203125 1874.269775390625 1874.27001953125 1874.270263671875 1874.2705078125 1874.2706298828125 1874.2708740234375 1874.2711181640625 1874.271240234375 1874.271484375 1874.271240234375 1874.27099609375 1874.270751953125 1874.2705078125 1874.2701416015625 1874.2698974609375 1874.2696533203125 1874.2694091796875 1874.2691650390625 1874.2689208984375 1874.2685546875 1874.268310546875 1874.26806640625 1874.267822265625 1874.267578125 1874.267333984375 1874.2669677734375 1874.2667236328125 1874.2664794921875 1874.2662353515625 1874.2659912109375 1874.2657470703125 1874.2655029296875 1874.26513671875
1874.2672119140625 1874.2674560546875 1874.267578125 1874.267822265625 1874.26806640625 1874.268310546875 1874.2684326171875 1874.2686767578125 1874.2689208984375 1874.26904296875 1874.269287109375 1874.26953125 1874.269775390625 1874.2698974609375 1874.2701416015625 1874.2703857421875 1874.2706298828125 1874.270751953125 1874.27099609375 1874.271240234375 1874.27099609375 1874.270751953125 1874.2703857421875 1874.2701416015625 1874.2698974609375 1874.2696533203125 1874.2694091796875 1874.2691650390625 1874.268798828125 1874.2685546875 1874.268310546875 1874.26806640625 1874.267822265625 1874.267578125 1874.267333984375 1874.2669677734375 1874.2667236328125 1874.2664794921875 1874.2662353515625 1874.2659912109375 1874.2657470703125 1874.265380859375 1874.26513671875 1874.264892578125
1874.266845703125 1874.26708984375 1874.267333984375 1874.267578125 1874.2677001953125 1874.2679443359375 1874.2681884765625 1874.2684326171875 1874.2685546875 1874.268798828125 1874.26904296875 1874.269287109375 1874.2694091796875 1874.2696533203125 1874.2698974609375 1874.2701416015625 1874.270263671875 1874.2705078125 1874.270751953125 1874.27099609375 1874.2706298828125 1874.2703857421875 1874.2701416015625 1874.2698974609375 1874.2696533203125 1874.2694091796875 1874.26904296875 1874.268798828125 1874.2685546875 1874.268310546875 1874.26806640625 1874.267822265625 1874.267578125 1874.2672119140625 1874.2669677734375 1874.2667236328125 1874.2664794921875 1874.2662353515625 1874.2659912109375 1874.265625 1874.265380859375 1874.26513671875 1874.264892578125 1874.2646484375
1874.2666015625 1874.266845703125 1874.26708984375 1874.2672119140625 1874.2674560546875 1874.2677001953125 1874.2679443359375 1874.26806640625 1874.268310546875 1874.2685546875 1874.268798828125 1874.2689208984375 1874.2691650390625 1874.2694091796875 1874.26953125 1874.269775390625 1874.27001953125 1874.270263671875 1874.2703857421875 1874.2706298828125 1874.2703857421875 1874.2701416015625 1874.2698974609375 1874.2696533203125 1874.269287109375 1874.26904296875 1874.268798828125 1874.2685546875 1874.268310546875 1874.26806640625 1874.267822265625 1874.2674560546875 1874.2672119140625 1874.2669677734375 1874.2667236328125 1874.2664794921875 1874.2662353515625 1874.265869140625 1874.265625 1874.265380859375 1874.26513671875 1874.264892578125 1874.2646484375 1874.2642822265625
1874.266357421875 1874.2664794921875 1874.2667236328125 1874.2669677734375 1874.2672119140625 1874.267333984375 1874.267578125 1874.267822265625 1874.26806640625 1874.2681884765625 1874.2684326171875 1874.2686767578125 1874.2689208984375 1874.26904296875 1874.269287109375 1874.26953125 1874.269775390625 1874.2698974609375 1874.2701416015625 1874.2703857421875 1874.2701416015625 1874.2698974609375 1874.26953125 1874.269287109375 1874.26904296875 1874.268798828125 1874.2685546875 1874.268310546875 1874.26806640625 1874.2677001953125 1874.2674560546875 1874.2672119140625 1874.2669677734375 1874.2667236328125 1874.2664794921875 1874.26611328125 1874.265869140625 1874.265625 1874.265380859375 1874.26513671875 1874.264892578125 1874.2646484375 1874.2642822265625 1874.2640380859375
1874.2659912109375 1874.2662353515625 1874.2664794921875 1874.2666015625 1874.266845703125 1874.26708984375 1874.267333984375 1874.267578125 1874.2677001953125 1874.2679443359375 1874.2681884765625 1874.2684326171875 1874.2685546875 1874.268798828125 1874.26904296875 1874.269287109375 1874.2694091796875 1874.2696533203125 1874.2698974609375 1874.2701416015625 1874.269775390625 1874.26953125 1874.269287109375 1874.26904296875 1874.268798828125 1874.2685546875 1874.2681884765625 1874.2679443359375 1874.2677001953125 1874.2674560546875 1874.2672119140625 1874.2669677734375 1874.2667236328125 1874.266357421875 1874.26611328125 1874.265869140625 1874.265625 1874.265380859375 1874.26513671875 1874.264892578125 1874.2645263671875 1874.2642822265625 1874.2640380859375 1874.2637939453125
1874.2657470703125 1874.2659912109375 1874.26611328125 1874.266357421875 1874.2666015625 1874.266845703125 1874.2669677734375 1874.2672119140625 1874.2674560546875 1874.2677001953125 1874.267822265625 1874.26806640625 1874.268310546875 1874.2685546875 1874.2686767578125 1874.2689208984375 1874.2691650390625 1874.2694091796875 1874.26953125 1874.269775390625 1874.26953125 1874.269287109375 1874.26904296875 1874.268798828125 1874.2684326171875 1874.2681884765625 1874.2679443359375 1874.2677001953125 1874.2674560546875 1874.2672119140625 1874.2669677734375 1874.2666015625 1874.266357421875 1874.26611328125 1874.265869140625 1874.265625 1874.265380859375 1874.26513671875 1874.2647705078125 1874.2645263671875 1874.2642822265625 1874.2640380859375 1874.2637939453125 1874.2635498046875
1874.265380859375 1874.265625 1874.265869140625 1874.26611328125 1874.266357421875 1874.2664794921875 1874.2667236328125 1874.2669677734375 1874.2672119140625 1874.267333984375 1874.267578125 1874.267822265625 1874.26806640625 1874.2681884765625 1874.2684326171875 1874.2686767578125 1874.2689208984375 1874.26904296875 1874.269287109375 1874.26953125 1874.269287109375 1874.26904296875 1874.2686767578125 1874.2684326171875 1874.2681884765625 1874.2679443359375 1874.2677001953125 1874.2674560546875 1874.2672119140625 1874.266845703125 1874.2666015625 1874.266357421875 1874.26611328125 1874.265869140625 1874.265625 1874.265380859375 1874.2650146484375 1874.2647705078125 1874.2645263671875 1874.2642822265625 1874.2640380859375 1874.2637939453125 1874.263427734375 1874.26318359375
