Forest_LCP/Forest_elevation.asc
ncols        230
nrows        180
xllcorner    -120.054305556000
yllcorner    38.897361110946
cellsize     0.000277777778
NODATA_value -32768
[rows 100 to 119 of 180, columns 132 to 175 of 230]
1911.23095703125 1914.231201171875 1914.2314453125 1915.231689453125 1915.23193359375 1915.232177734375 1915.232421875 1914.232666015625 1914.23291015625 1912.233154296875 1913.2333984375 1915.233642578125 1915.23388671875 1909.234130859375 1907.234375 1906.234619140625 1905.23486328125 1902.235107421875 1901.2353515625 1898.235595703125 1898.23583984375 1899.236083984375 1897.2364501953125 1895.2366943359375 1894.2369384765625 1893.2371826171875 1889.2374267578125 1887.2376708984375 1888.2379150390625 1889.2381591796875 1890.2384033203125 1890.2386474609375 1889.2388916015625 1890.2391357421875 1894.2393798828125 1898.2396240234375 1899.2398681640625 1888.2401123046875 1885.2403564453125 1886.2406005859375 1888.2408447265625 1888.2410888671875 1890.2413330078125 1892.2415771484375
1921.230712890625 1917.23095703125 1918.231201171875 1918.2314453125 1918.231689453125 1918.23193359375 1917.232177734375 1916.232421875 1918.232666015625 1919.23291015625 1919.233154296875 1919.2333984375 1916.233642578125 1911.23388671875 1908.234130859375 1908.234375 1906.234619140625 1902.23486328125 1898.235107421875 1897.2353515625 1896.235595703125 1894.23583984375 1892.236083984375 1891.236328125 1889.236572265625 1890.23681640625 1888.237060546875 1889.2373046875 1889.237548828125 1889.23779296875 1888.238037109375 1887.23828125 1887.238525390625 1890.23876953125 1895.239013671875 1902.2392578125 1905.239501953125 1902.23974609375 1895.239990234375 1891.240234375 1887.240478515625 1890.24072265625 1895.240966796875 1896.2412109375
1927.2303466796875 1924.2305908203125 1921.2308349609375 1921.2310791015625 1920.2313232421875 1920.2315673828125 1919.2318115234375 1917.2320556640625 1919.2322998046875 1921.2325439453125 1920.2327880859375 1917.2330322265625 1916.2332763671875 1912.2335205078125 1909.2337646484375 1909.2340087890625 1907.2342529296875 1902.234619140625 1898.23486328125 1896.235107421875 1896.2353515625 1893.235595703125 1890.23583984375 1888.236083984375 1889.236328125 1889.236572265625 1888.23681640625 1889.237060546875 1889.2373046875 1888.237548828125 1886.23779296875 1885.238037109375 1885.23828125 1889.238525390625 1895.23876953125 1899.239013671875 1908.2392578125 1904.239501953125 1902.23974609375 1892.239990234375 1887.240234375 1888.240478515625 1892.24072265625 1895.240966796875
1929.2301025390625 1924.2303466796875 1923.2305908203125 1923.2308349609375 1922.2310791015625 1922.2313232421875 1921.2315673828125 1921.2318115234375 1920.2320556640625 1922.2322998046875 1919.2325439453125 1915.2327880859375 1912.2330322265625 1911.2332763671875 1908.2335205078125 1908.2337646484375 1907.2340087890625 1905.2342529296875 1900.2344970703125 1897.2347412109375 1897.2349853515625 1895.2352294921875 1891.2354736328125 1890.2357177734375 1891.2359619140625 1891.2362060546875 1889.2364501953125 1889.2366943359375 1893.2369384765625 1892.2371826171875 1892.2374267578125 1885.2376708984375 1885.2379150390625 1887.2381591796875 1890.2384033203125 1893.2386474609375 1898.2388916015625 1901.2391357421875 1897.2393798828125 1892.2396240234375 1886.239990234375 1883.240234375 1884.240478515625 1887.24072265625
1925.229736328125 1925.22998046875 1925.230224609375 1924.23046875 1922.230712890625 1922.23095703125 1923.231201171875 1921.2314453125 1922.231689453125 1922.23193359375 1920.232177734375 1915.232421875 1911.232666015625 1908.23291015625 1906.233154296875 1906.2333984375 1906.2337646484375 1906.2340087890625 1902.2342529296875 1898.2344970703125 1897.2347412109375 1902.2349853515625 1894.2352294921875 1892.2354736328125 1891.2357177734375 1890.2359619140625 1887.2362060546875 1889.2364501953125 1893.2366943359375 1904.2369384765625 1901.2371826171875 1898.2374267578125 1890.2376708984375 1891.2379150390625 1891.2381591796875 1894.2384033203125 1898.2386474609375 1900.2388916015625 1898.2391357421875 1896.2393798828125 1891.2396240234375 1887.2398681640625 1884.2401123046875 1883.2403564453125
1926.2294921875 1926.229736328125 1925.22998046875 1923.230224609375 1921.23046875 1921.230712890625 1921.23095703125 1920.231201171875 1919.2314453125 1921.231689453125 1921.23193359375 1917.232177734375 1913.232421875 1906.232666015625 1905.23291015625 1904.233154296875 1904.2333984375 1902.233642578125 1901.23388671875 1898.234130859375 1894.234375 1897.234619140625 1895.23486328125 1894.235107421875 1893.2353515625 1889.235595703125 1886.23583984375 1887.236083984375 1893.236328125 1903.236572265625 1907.23681640625 1899.237060546875 1894.2373046875 1892.237548828125 1893.2379150390625 1897.2381591796875 1899.2384033203125 1899.2386474609375 1898.2388916015625 1895.2391357421875 1892.2393798828125 1890.2396240234375 1887.2398681640625 1886.2401123046875
1927.2291259765625 1926.2293701171875 1924.2296142578125 1923.2298583984375 1922.2301025390625 1921.2303466796875 1920.2305908203125 1919.2308349609375 1917.2310791015625 1917.2313232421875 1919.2315673828125 1917.2318115234375 1909.2320556640625 1902.2322998046875 1900.232666015625 1902.23291015625 1902.233154296875 1901.2333984375 1900.233642578125 1896.23388671875 1892.234130859375 1893.234375 1893.234619140625 1894.23486328125 1893.235107421875 1891.2353515625 1889.235595703125 1891.23583984375 1895.236083984375 1897.236328125 1897.236572265625 1896.23681640625 1893.237060546875 1893.2373046875 1894.237548828125 1897.23779296875 1898.238037109375 1896.23828125 1894.238525390625 1893.23876953125 1891.239013671875 1889.2392578125 1888.239501953125 1888.23974609375
1927.2288818359375 1925.2291259765625 1924.2293701171875 1923.2296142578125 1923.2298583984375 1922.2301025390625 1920.2303466796875 1918.2305908203125 1916.2308349609375 1914.2310791015625 1914.2313232421875 1913.2315673828125 1906.2318115234375 1900.2320556640625 1899.2322998046875 1902.2325439453125 1903.2327880859375 1902.2330322265625 1900.2332763671875 1895.2335205078125 1893.2337646484375 1894.2340087890625 1895.2342529296875 1894.2344970703125 1892.2347412109375 1892.2349853515625 1892.2352294921875 1896.2354736328125 1897.2357177734375 1896.236083984375 1894.236328125 1893.236572265625 1893.23681640625 1893.237060546875 1895.2373046875 1896.237548828125 1895.23779296875 1894.238037109375 1892.23828125 1891.238525390625 1890.23876953125 1889.239013671875 1890.2392578125 1891.239501953125
1926.228515625 1924.228759765625 1923.22900390625 1923.229248046875 1924.2294921875 1923.229736328125 1920.22998046875 1918.230224609375 1916.23046875 1912.230712890625 1911.23095703125 1910.231201171875 1908.2314453125 1906.231689453125 1905.2320556640625 1906.2322998046875 1907.2325439453125 1904.2327880859375 1902.2330322265625 1899.2332763671875 1899.2335205078125 1900.2337646484375 1899.2340087890625 1897.2342529296875 1895.2344970703125 1892.2347412109375 1893.2349853515625 1896.2352294921875 1899.2354736328125 1897.2357177734375 1892.2359619140625 1890.2362060546875 1890.2364501953125 1893.2366943359375 1894.2369384765625 1895.2371826171875 1894.2374267578125 1893.2376708984375 1892.2379150390625 1890.2381591796875 1888.2384033203125 1889.23876953125 1891.239013671875 1893.2392578125
1925.228271484375 1924.228515625 1921.228759765625 1922.22900390625 1923.229248046875 1923.2294921875 1921.229736328125 1919.22998046875 1918.230224609375 1915.23046875 1913.230712890625 1913.23095703125 1914.231201171875 1914.2314453125 1913.231689453125 1915.23193359375 1913.232177734375 1910.232421875 1904.232666015625 1903.23291015625 1903.233154296875 1903.2333984375 1901.233642578125 1901.23388671875 1899.234130859375 1896.234375 1893.2347412109375 1897.2349853515625 1898.2352294921875 1897.2354736328125 1892.2357177734375 1890.2359619140625 1890.2362060546875 1891.2364501953125 1893.2366943359375 1894.2369384765625 1894.2371826171875 1894.2374267578125 1892.2376708984375 1889.2379150390625 1886.2381591796875 1887.2384033203125 1890.2386474609375 1891.2388916015625
1926.2279052734375 1924.2281494140625 1922.2283935546875 1922.2286376953125 1924.2288818359375 1923.2291259765625 1922.2293701171875 1921.2296142578125 1919.2298583984375 1919.2301025390625 1916.2303466796875 1915.2305908203125 1917.2308349609375 1917.231201171875 1916.2314453125 1918.231689453125 1922.23193359375 1914.232177734375 1910.232421875 1906.232666015625 1906.23291015625 1904.233154296875 1901.2333984375 1902.233642578125 1900.23388671875 1898.234130859375 1897.234375 1896.234619140625 1897.23486328125 1895.235107421875 1893.2353515625 1894.235595703125 1893.23583984375 1892.236083984375 1892.236328125 1894.236572265625 1895.23681640625 1896.2371826171875 1893.2374267578125 1889.2376708984375 1885.2379150390625 1886.2381591796875 1888.2384033203125 1889.2386474609375
1924.2275390625 1922.227783203125 1923.2281494140625 1924.2283935546875 1924.2286376953125 1923.2288818359375 1923.2291259765625 1923.2293701171875 1922.2296142578125 1921.2298583984375 1919.2301025390625 1918.2303466796875 1917.2305908203125 1918.2308349609375 1917.2310791015625 1919.2313232421875 1919.2315673828125 1915.2318115234375 1911.2320556640625 1908.2322998046875 1905.2325439453125 1904.2327880859375 1904.2330322265625 1902.2333984375 1900.233642578125 1898.23388671875 1897.234130859375 1896.234375 1896.234619140625 1896.23486328125 1897.235107421875 1898.2353515625 1898.235595703125 1895.23583984375 1893.236083984375 1893.236328125 1896.236572265625 1896.23681640625 1894.237060546875 1889.2373046875 1885.237548828125 1886.23779296875 1888.238037109375 1888.23828125
1922.227294921875 1923.2275390625 1924.227783203125 1925.22802734375 1924.228271484375 1922.228515625 1922.228759765625 1924.22900390625 1925.229248046875 1924.2294921875 1923.229736328125 1922.22998046875 1922.230224609375 1920.2305908203125 1917.2308349609375 1917.2310791015625 1916.2313232421875 1914.2315673828125 1911.2318115234375 1908.2320556640625 1907.2322998046875 1904.2325439453125 1903.2327880859375 1901.2330322265625 1899.2332763671875 1898.2335205078125 1898.2337646484375 1897.2340087890625 1897.2342529296875 1898.2344970703125 1899.2347412109375 1901.2349853515625 1899.2352294921875 1896.235595703125 1895.23583984375 1894.236083984375 1894.236328125 1894.236572265625 1891.23681640625 1890.237060546875 1887.2373046875 1888.237548828125 1888.23779296875 1888.238037109375
1924.2269287109375 1926.2271728515625 1926.2275390625 1926.227783203125 1923.22802734375 1921.228271484375 1921.228515625 1922.228759765625 1923.22900390625 1924.229248046875 1924.2294921875 1925.229736328125 1925.22998046875 1922.230224609375 1918.23046875 1916.230712890625 1914.23095703125 1913.231201171875 1910.2314453125 1910.231689453125 1907.23193359375 1907.232177734375 1904.2325439453125 1901.2327880859375 1900.2330322265625 1900.2332763671875 1900.2335205078125 1899.2337646484375 1898.2340087890625 1898.2342529296875 1899.2344970703125 1900.2347412109375 1900.2349853515625 1898.2352294921875 1897.2354736328125 1895.2357177734375 1892.2359619140625 1891.2362060546875 1890.2364501953125 1890.2366943359375 1892.2369384765625 1892.2373046875 1892.237548828125 1889.23779296875
1926.2266845703125 1926.2269287109375 1927.2271728515625 1926.2274169921875 1924.2276611328125 1923.2279052734375 1923.2281494140625 1923.2283935546875 1923.2286376953125 1923.2288818359375 1923.2291259765625 1925.2293701171875 1926.229736328125 1924.22998046875 1920.230224609375 1918.23046875 1916.230712890625 1912.23095703125 1908.231201171875 1904.2314453125 1906.231689453125 1907.23193359375 1906.232177734375 1904.232421875 1901.232666015625 1902.23291015625 1901.233154296875 1898.2333984375 1898.233642578125 1897.23388671875 1898.2342529296875 1900.2344970703125 1901.2347412109375 1901.2349853515625 1899.2352294921875 1895.2354736328125 1891.2357177734375 1888.2359619140625 1889.2362060546875 1891.2364501953125 1894.2366943359375 1896.2369384765625 1894.2371826171875 1892.2374267578125
1923.226318359375 1924.2265625 1925.226806640625 1925.2271728515625 1925.2274169921875 1925.2276611328125 1926.2279052734375 1925.2281494140625 1924.2283935546875 1923.2286376953125 1923.2288818359375 1925.2291259765625 1927.2293701171875 1923.2296142578125 1920.2298583984375 1920.2301025390625 1919.2303466796875 1915.2305908203125 1907.2308349609375 1904.2310791015625 1905.2314453125 1909.231689453125 1909.23193359375 1905.232177734375 1902.232421875 1901.232666015625 1900.23291015625 1899.233154296875 1899.2333984375 1899.233642578125 1900.23388671875 1901.234130859375 1903.234375 1902.234619140625 1900.23486328125 1896.235107421875 1891.2353515625 1888.235595703125 1888.2359619140625 1892.2362060546875 1895.2364501953125 1894.2366943359375 1893.2369384765625 1891.2371826171875
1922.22607421875 1922.226318359375 1924.2265625 1926.226806640625 1926.22705078125 1926.227294921875 1925.2275390625 1925.227783203125 1924.22802734375 1923.228271484375 1923.228515625 1925.228759765625 1925.2291259765625 1921.2293701171875 1916.2296142578125 1917.2298583984375 1917.2301025390625 1917.2303466796875 1914.2305908203125 1910.2308349609375 1910.2310791015625 1910.2313232421875 1908.2315673828125 1903.2318115234375 1900.2320556640625 1900.2322998046875 1901.2325439453125 1901.2327880859375 1903.233154296875 1903.2333984375 1903.233642578125 1903.23388671875 1903.234130859375 1902.234375 1899.234619140625 1897.23486328125 1892.235107421875 1889.2353515625 1888.235595703125 1892.23583984375 1894.236083984375 1891.236328125 1888.236572265625 1889.23681640625
1924.2257080078125 1924.2259521484375 1925.2261962890625 1926.2264404296875 1927.226806640625 1928.22705078125 1927.227294921875 1925.2275390625 1925.227783203125 1924.22802734375 1923.228271484375 1924.228515625 1925.228759765625 1920.22900390625 1917.229248046875 1915.2294921875 1918.229736328125 1918.22998046875 1919.230224609375 1917.23046875 1913.2308349609375 1909.2310791015625 1902.2313232421875 1899.2315673828125 1898.2318115234375 1900.2320556640625 1900.2322998046875 1902.2325439453125 1904.2327880859375 1905.2330322265625 1905.2332763671875 1904.2335205078125 1903.2337646484375 1901.2340087890625 1898.2342529296875 1897.234619140625 1894.23486328125 1891.235107421875 1890.2353515625 1891.235595703125 1891.23583984375 1888.236083984375 1886.236328125 1889.236572265625
1928.2254638671875 1927.2257080078125 1927.2259521484375 1927.2261962890625 1928.2264404296875 1928.2266845703125 1927.2269287109375 1926.2271728515625 1927.2274169921875 1927.2276611328125 1927.2279052734375 1930.2281494140625 1930.228515625 1928.228759765625 1923.22900390625 1922.229248046875 1921.2294921875 1921.229736328125 1918.22998046875 1918.230224609375 1914.23046875 1910.230712890625 1903.23095703125 1897.231201171875 1895.2314453125 1896.231689453125 1898.23193359375 1900.2322998046875 1902.2325439453125 1903.2327880859375 1903.2330322265625 1903.2332763671875 1902.2335205078125 1900.2337646484375 1899.2340087890625 1898.2342529296875 1894.2344970703125 1891.2347412109375 1890.2349853515625 1891.2352294921875 1891.2354736328125 1888.23583984375 1887.236083984375 1890.236328125
1930.22509765625 1930.225341796875 1929.2255859375 1927.225830078125 1927.22607421875 1928.2264404296875 1929.2266845703125 1928.2269287109375 1928.2271728515625 1928.2274169921875 1930.2276611328125 1933.2279052734375 1934.2281494140625 1931.2283935546875 1928.2286376953125 1925.2288818359375 1924.2291259765625 1925.2293701171875 1922.2296142578125 1915.22998046875 1910.230224609375 1906.23046875 1905.230712890625 1897.23095703125 1892.231201171875 1893.2314453125 1895.231689453125 1897.23193359375 1899.232177734375 1900.232421875 1901.232666015625 1902.23291015625 1902.233154296875 1901.2335205078125 1900.2337646484375 1899.2340087890625 1895.2342529296875 1891.2344970703125 1892.2347412109375 1892.2349853515625 1891.2352294921875 1890.2354736328125 1889.2357177734375 1890.2359619140625
