Forest_LCP/Forest_elevation.asc
ncols        230
nrows        180
xllcorner    -120.054305556000
yllcorner    38.897361110946
cellsize     0.000277777778
NODATA_value -32768
[rows 0 to 19 of 180, columns 0 to 43 of 230]
1874.2344970703125 1874.234619140625 1874.23486328125 1874.235107421875 1874.2352294921875 1874.2354736328125 1874.2357177734375 1874.2359619140625 1874.236083984375 1874.236328125 1874.236572265625 1874.2366943359375 1874.2369384765625 1874.2371826171875 1874.2373046875 1874.237548828125 1874.23779296875 1874.238037109375 1874.2381591796875 1874.2384033203125 1874.2386474609375 1874.23876953125 1874.239013671875 1874.2392578125 1874.2393798828125 1874.2396240234375 1874.2398681640625 1874.2401123046875 1874.240234375 1874.240478515625 1874.24072265625 1874.2408447265625 1874.2410888671875 1874.2413330078125 1874.241455078125 1874.24169921875 1874.241943359375 1874.2421875 1874.2423095703125 1874.2425537109375 1874.2427978515625 1874.242919921875 1874.2431640625 1874.243408203125
1874.234130859375 1874.2342529296875 1874.2344970703125 1874.2347412109375 1874.23486328125 1874.235107421875 1874.2353515625 1874.235595703125 1874.2357177734375 1874.2359619140625 1874.2362060546875 1874.236328125 1874.236572265625 1874.23681640625 1874.237060546875 1874.2371826171875 1874.2374267578125 1874.2376708984375 1874.23779296875 1874.238037109375 1874.23828125 1874.2384033203125 1874.2386474609375 1874.2388916015625 1874.2391357421875 1874.2392578125 1874.239501953125 1874.23974609375 1874.2398681640625 1874.2401123046875 1874.2403564453125 1874.240478515625 1874.24072265625 1874.240966796875 1874.2412109375 1874.2413330078125 1874.2415771484375 1874.2418212890625 1874.241943359375 1874.2421875 1874.242431640625 1874.24267578125 1874.2427978515625 1874.2430419921875
1874.2337646484375 1874.23388671875 1874.234130859375 1874.234375 1874.234619140625 1874.2347412109375 1874.2349853515625 1874.2352294921875 1874.2353515625 1874.235595703125 1874.23583984375 1874.236083984375 1874.2362060546875 1874.2364501953125 1874.2366943359375 1874.23681640625 1874.237060546875 1874.2373046875 1874.2374267578125 1874.2376708984375 1874.2379150390625 1874.2381591796875 1874.23828125 1874.238525390625 1874.23876953125 1874.2388916015625 1874.2391357421875 1874.2393798828125 1874.2396240234375 1874.23974609375 1874.239990234375 1874.240234375 1874.2403564453125 1874.2406005859375 1874.2408447265625 1874.240966796875 1874.2412109375 1874.241455078125 1874.24169921875 1874.2418212890625 1874.2420654296875 1874.2423095703125 1874.242431640625 1874.24267578125
1874.2333984375 1874.233642578125 1874.2337646484375 1874.2340087890625 1874.2342529296875 1874.234375 1874.234619140625 1874.23486328125 1874.2349853515625 1874.2352294921875 1874.2354736328125 1874.2357177734375 1874.23583984375 1874.236083984375 1874.236328125 1874.2364501953125 1874.2366943359375 1874.2369384765625 1874.2371826171875 1874.2373046875 1874.237548828125 1874.23779296875 1874.2379150390625 1874.2381591796875 1874.2384033203125 1874.2386474609375 1874.23876953125 1874.239013671875 1874.2392578125 1874.2393798828125 1874.2396240234375 1874.2398681640625 1874.2401123046875 1874.240234375 1874.240478515625 1874.24072265625 1874.2408447265625 1874.2410888671875 1874.2413330078125 1874.241455078125 1874.24169921875 1874.241943359375 1874.2421875 1874.2423095703125
1874.2330322265625 1874.2332763671875 1874.2333984375 1874.233642578125 1874.23388671875 1874.2340087890625 1874.2342529296875 1874.2344970703125 1874.2347412109375 1874.23486328125 1874.235107421875 1874.2353515625 1874.2354736328125 1874.2357177734375 1874.2359619140625 1874.2362060546875 1874.236328125 1874.236572265625 1874.23681640625 1874.2369384765625 1874.2371826171875 1874.2374267578125 1874.2376708984375 1874.23779296875 1874.238037109375 1874.23828125 1874.2384033203125 1874.2386474609375 1874.2388916015625 1874.2391357421875 1874.2392578125 1874.239501953125 1874.23974609375 1874.2398681640625 1874.2401123046875 1874.2403564453125 1874.2406005859375 1874.24072265625 1874.240966796875 1874.2412109375 1874.2413330078125 1874.2415771484375 1874.2418212890625 1874.2420654296875
1874.232666015625 1874.23291015625 1874.2330322265625 1874.2332763671875 1874.2335205078125 1874.233642578125 1874.23388671875 1874.234130859375 1874.234375 1874.2344970703125 1874.2347412109375 1874.2349853515625 1874.2352294921875 1874.2353515625 1874.235595703125 1874.23583984375 1874.2359619140625 1874.2362060546875 1874.2364501953125 1874.2366943359375 1874.23681640625 1874.237060546875 1874.2373046875 1874.2374267578125 1874.2376708984375 1874.2379150390625 1874.2381591796875 1874.23828125 1874.238525390625 1874.23876953125 1874.2388916015625 1874.2391357421875 1874.2393798828125 1874.2396240234375 1874.23974609375 1874.239990234375 1874.240234375 1874.2403564453125 1874.2406005859375 1874.2408447265625 1874.2410888671875 1874.2412109375 1874.241455078125 1874.24169921875
1874.2322998046875 1874.2325439453125 1874.232666015625 1874.23291015625 1874.233154296875 1874.2333984375 1874.2335205078125 1874.2337646484375 1874.2340087890625 1874.234130859375 1874.234375 1874.234619140625 1874.23486328125 1874.2349853515625 1874.2352294921875 1874.2354736328125 1874.235595703125 1874.23583984375 1874.236083984375 1874.236328125 1874.2364501953125 1874.2366943359375 1874.2369384765625 1874.2371826171875 1874.2373046875 1874.237548828125 1874.23779296875 1874.2379150390625 1874.2381591796875 1874.2384033203125 1874.2386474609375 1874.23876953125 1874.239013671875 1874.2392578125 1874.2393798828125 1874.2396240234375 1874.2398681640625 1874.2401123046875 1874.240234375 1874.240478515625 1874.24072265625 1874.2408447265625 1874.2410888671875 1874.2413330078125
1874.23193359375 1874.232177734375 1874.2322998046875 1874.2325439453125 1874.2327880859375 1874.2330322265625 1874.233154296875 1874.2333984375 1874.233642578125 1874.23388671875 1874.2340087890625 1874.2342529296875 1874.2344970703125 1874.234619140625 1874.23486328125 1874.235107421875 1874.2353515625 1874.2354736328125 1874.2357177734375 1874.2359619140625 1874.236083984375 1874.236328125 1874.236572265625 1874.23681640625 1874.2369384765625 1874.2371826171875 1874.2374267578125 1874.2376708984375 1874.23779296875 1874.238037109375 1874.23828125 1874.2384033203125 1874.2386474609375 1874.2388916015625 1874.2391357421875 1874.2392578125 1874.239501953125 1874.23974609375 1874.2398681640625 1874.2401123046875 1874.2403564453125 1874.2406005859375 1874.24072265625 1874.240966796875
1874.2315673828125 1874.2318115234375 1874.2320556640625 1874.232177734375 1874.232421875 1874.232666015625 1874.2327880859375 1874.2330322265625 1874.2332763671875 1874.2335205078125 1874.233642578125 1874.23388671875 1874.234130859375 1874.234375 1874.2344970703125 1874.2347412109375 1874.2349853515625 1874.235107421875 1874.2353515625 1874.235595703125 1874.23583984375 1874.2359619140625 1874.2362060546875 1874.2364501953125 1874.2366943359375 1874.23681640625 1874.237060546875 1874.2373046875 1874.2374267578125 1874.2376708984375 1874.2379150390625 1874.2381591796875 1874.23828125 1874.238525390625 1874.23876953125 1874.2388916015625 1874.2391357421875 1874.2393798828125 1874.2396240234375 1874.23974609375 1874.239990234375 1874.240234375 1874.240478515625 1874.2406005859375
1874.231201171875 1874.2314453125 1874.231689453125 1874.2318115234375 1874.2320556640625 1874.2322998046875 1874.2325439453125 1874.232666015625 1874.23291015625 1874.233154296875 1874.2332763671875 1874.2335205078125 1874.2337646484375 1874.2340087890625 1874.234130859375 1874.234375 1874.234619140625 1874.23486328125 1874.2349853515625 1874.2352294921875 1874.2354736328125 1874.235595703125 1874.23583984375 1874.236083984375 1874.236328125 1874.2364501953125 1874.2366943359375 1874.2369384765625 1874.2371826171875 1874.2373046875 1874.237548828125 1874.23779296875 1874.2379150390625 1874.2381591796875 1874.2384033203125 1874.2386474609375 1874.23876953125 1874.239013671875 1874.2392578125 1874.239501953125 1874.2396240234375 1874.2398681640625 1874.2401123046875 1874.240234375
1874.2308349609375 1874.2310791015625 1874.2313232421875 1874.2314453125 1874.231689453125 1874.23193359375 1874.232177734375 1874.2322998046875 1874.2325439453125 1874.2327880859375 1874.2330322265625 1874.233154296875 1874.2333984375 1874.233642578125 1874.2337646484375 1874.2340087890625 1874.2342529296875 1874.2344970703125 1874.234619140625 1874.23486328125 1874.235107421875 1874.2353515625 1874.2354736328125 1874.2357177734375 1874.2359619140625 1874.2362060546875 1874.236328125 1874.236572265625 1874.23681640625 1874.2369384765625 1874.2371826171875 1874.2374267578125 1874.2376708984375 1874.23779296875 1874.238037109375 1874.23828125 1874.238525390625 1874.2386474609375 1874.2388916015625 1874.2391357421875 1874.2392578125 1874.239501953125 1874.23974609375 1874.239990234375
1874.23046875 1874.230712890625 1874.23095703125 1874.2310791015625 1874.2313232421875 1874.2315673828125 1874.2318115234375 1874.23193359375 1874.232177734375 1874.232421875 1874.232666015625 1874.2327880859375 1874.2330322265625 1874.2332763671875 1874.2335205078125 1874.233642578125 1874.23388671875 1874.234130859375 1874.234375 1874.2344970703125 1874.2347412109375 1874.2349853515625 1874.235107421875 1874.2353515625 1874.235595703125 1874.23583984375 1874.2359619140625 1874.2362060546875 1874.2364501953125 1874.2366943359375 1874.23681640625 1874.237060546875 1874.2373046875 1874.237548828125 1874.2376708984375 1874.2379150390625 1874.2381591796875 1874.23828125 1874.238525390625 1874.23876953125 1874.239013671875 1874.2391357421875 1874.2393798828125 1874.2396240234375
1874.2301025390625 1874.2303466796875 1874.2305908203125 1874.2308349609375 1874.23095703125 1874.231201171875 1874.2314453125 1874.231689453125 1874.2318115234375 1874.2320556640625 1874.2322998046875 1874.232421875 1874.232666015625 1874.23291015625 1874.233154296875 1874.2332763671875 1874.2335205078125 1874.2337646484375 1874.2340087890625 1874.234130859375 1874.234375 1874.234619140625 1874.23486328125 1874.2349853515625 1874.2352294921875 1874.2354736328125 1874.2357177734375 1874.23583984375 1874.236083984375 1874.236328125 1874.2364501953125 1874.2366943359375 1874.2369384765625 1874.2371826171875 1874.2373046875 1874.237548828125 1874.23779296875 1874.238037109375 1874.2381591796875 1874.2384033203125 1874.2386474609375 1874.2388916015625 1874.239013671875 1874.2392578125
1874.229736328125 1874.22998046875 1874.230224609375 1874.23046875 1874.2305908203125 1874.2308349609375 1874.2310791015625 1874.2313232421875 1874.2314453125 1874.231689453125 1874.23193359375 1874.232177734375 1874.2322998046875 1874.2325439453125 1874.2327880859375 1874.2330322265625 1874.233154296875 1874.2333984375 1874.233642578125 1874.2337646484375 1874.2340087890625 1874.2342529296875 1874.2344970703125 1874.234619140625 1874.23486328125 1874.235107421875 1874.2353515625 1874.2354736328125 1874.2357177734375 1874.2359619140625 1874.2362060546875 1874.236328125 1874.236572265625 1874.23681640625 1874.237060546875 1874.2371826171875 1874.2374267578125 1874.2376708984375 1874.2379150390625 1874.238037109375 1874.23828125 1874.238525390625 1874.23876953125 1874.2388916015625
1874.2293701171875 1874.2296142578125 1874.2298583984375 1874.2301025390625 1874.230224609375 1874.23046875 1874.230712890625 1874.23095703125 1874.2310791015625 1874.2313232421875 1874.2315673828125 1874.2318115234375 1874.23193359375 1874.232177734375 1874.232421875 1874.232666015625 1874.2327880859375 1874.2330322265625 1874.2332763671875 1874.2335205078125 1874.233642578125 1874.23388671875 1874.234130859375 1874.234375 1874.2344970703125 1874.2347412109375 1874.2349853515625 1874.2352294921875 1874.2353515625 1874.235595703125 1874.23583984375 1874.236083984375 1874.2362060546875 1874.2364501953125 1874.2366943359375 1874.2369384765625 1874.237060546875 1874.2373046875 1874.237548828125 1874.2376708984375 1874.2379150390625 1874.2381591796875 1874.2384033203125 1874.238525390625
1874.2291259765625 1874.229248046875 1874.2294921875 1874.229736328125 1874.22998046875 1874.2301025390625 1874.2303466796875 1874.2305908203125 1874.2308349609375 1874.23095703125 1874.231201171875 1874.2314453125 1874.231689453125 1874.2318115234375 1874.2320556640625 1874.2322998046875 1874.232421875 1874.232666015625 1874.23291015625 1874.233154296875 1874.2332763671875 1874.2335205078125 1874.2337646484375 1874.2340087890625 1874.234130859375 1874.234375 1874.234619140625 1874.23486328125 1874.2349853515625 1874.2352294921875 1874.2354736328125 1874.2357177734375 1874.23583984375 1874.236083984375 1874.236328125 1874.236572265625 1874.2366943359375 1874.2369384765625 1874.2371826171875 1874.2374267578125 1874.237548828125 1874.23779296875 1874.238037109375 1874.23828125
1874.228759765625 1874.2288818359375 1874.2291259765625 1874.2293701171875 1874.2296142578125 1874.229736328125 1874.22998046875 1874.230224609375 1874.23046875 1874.2305908203125 1874.2308349609375 1874.2310791015625 1874.2313232421875 1874.2314453125 1874.231689453125 1874.23193359375 1874.232177734375 1874.2322998046875 1874.2325439453125 1874.2327880859375 1874.2330322265625 1874.233154296875 1874.2333984375 1874.233642578125 1874.23388671875 1874.2340087890625 1874.2342529296875 1874.2344970703125 1874.2347412109375 1874.23486328125 1874.235107421875 1874.2353515625 1874.235595703125 1874.2357177734375 1874.2359619140625 1874.2362060546875 1874.2364501953125 1874.236572265625 1874.23681640625 1874.237060546875 1874.2373046875 1874.2374267578125 1874.2376708984375 1874.2379150390625
1874.2283935546875 1874.228515625 1874.228759765625 1874.22900390625 1874.229248046875 1874.2293701171875 1874.2296142578125 1874.2298583984375 1874.2301025390625 1874.230224609375 1874.23046875 1874.230712890625 1874.23095703125 1874.2310791015625 1874.2313232421875 1874.2315673828125 1874.2318115234375 1874.23193359375 1874.232177734375 1874.232421875 1874.232666015625 1874.2327880859375 1874.2330322265625 1874.2332763671875 1874.2335205078125 1874.233642578125 1874.23388671875 1874.234130859375 1874.234375 1874.234619140625 1874.2347412109375 1874.2349853515625 1874.2352294921875 1874.2354736328125 1874.235595703125 1874.23583984375 1874.236083984375 1874.236328125 1874.2364501953125 1874.2366943359375 1874.2369384765625 1874.2371826171875 1874.2373046875 1874.237548828125
1874.22802734375 1874.2281494140625 1874.2283935546875 1874.2286376953125 1874.2288818359375 1874.22900390625 1874.229248046875 1874.2294921875 1874.229736328125 1874.22998046875 1874.2301025390625 1874.2303466796875 1874.2305908203125 1874.2308349609375 1874.23095703125 1874.231201171875 1874.2314453125 1874.231689453125 1874.2318115234375 1874.2320556640625 1874.2322998046875 1874.2325439453125 1874.232666015625 1874.23291015625 1874.233154296875 1874.2333984375 1874.2335205078125 1874.2337646484375 1874.2340087890625 1874.2342529296875 1874.234375 1874.234619140625 1874.23486328125 1874.235107421875 1874.2352294921875 1874.2354736328125 1874.2357177734375 1874.2359619140625 1874.236083984375 1874.236328125 1874.236572265625 1874.23681640625 1874.2369384765625 1874.2371826171875
1874.2276611328125 1874.2279052734375 1874.22802734375 1874.228271484375 1874.228515625 1874.228759765625 1874.2288818359375 1874.2291259765625 1874.2293701171875 1874.2296142578125 1874.229736328125 1874.22998046875 1874.230224609375 1874.23046875 1874.2305908203125 1874.2308349609375 1874.2310791015625 1874.2313232421875 1874.2314453125 1874.231689453125 1874.23193359375 1874.232177734375 1874.2322998046875 1874.2325439453125 1874.2327880859375 1874.2330322265625 1874.2332763671875 1874.2333984375 1874.233642578125 1874.23388671875 1874.234130859375 1874.2342529296875 1874.2344970703125 1874.2347412109375 1874.2349853515625 1874.235107421875 1874.2353515625 1874.235595703125 1874.23583984375 1874.2359619140625 1874.2362060546875 1874.2364501953125 1874.2366943359375 1874.23681640625
