farsite/tmp/7e2326380e0e492992c631694bab3f17_out_210_SpreadDirection.asc
NCOLS 250
NROWS 252
XLLCORNER -2044817.845420
YLLCORNER 2022214.475814
CELLSIZE 26.855737
NODATA_VALUE -9999.0
[rows 170 to 203 of 252, columns 77 to 153 of 250]
-9999 -9999 -9999 -9999 -9999 -9999 -9999 -9999 -9999 -9999 315 314 352 283 297 304 314 321 322 307 327 341 331 328 022 002 313 328 330 065 089 166 156 122 305 289 313 341 118 309 329 354 320 333 000 352 123 093 -9999 -9999 -9999 -9999 -9999 -9999 -9999 -9999 -9999 -9999 -9999 -9999 -9999 -9999 -9999 -9999 -9999 -9999 -9999 -9999 -9999 -9999 -9999 -9999 -9999 -9999 -9999 -9999 -9999
-9999 -9999 -9999 -9999 -9999 -9999 -9999 -9999 -9999 308 320 307 327 032 313 305 319 326 329 310 325 322 324 342 013 016 313 335 017 076 348 351 076 -9999 339 280 300 347 -9999 331 131 340 332 346 119 123 140 091 -9999 -9999 -9999 -9999 -9999 -9999 -9999 -9999 -9999 -9999 -9999 -9999 -9999 -9999 -9999 -9999 -9999 -9999 -9999 -9999 -9999 -9999 -9999 -9999 -9999 -9999 -9999 -9999 -9999
-9999 -9999 -9999 -9999 -9999 -9999 -9999 -9999 326 314 022 308 336 326 338 319 327 333 332 312 324 328 327 334 035 311 333 002 103 338 321 069 358 049 036 295 313 114 344 123 309 330 344 119 118 031 150 132 -9999 -9999 -9999 -9999 -9999 -9999 -9999 -9999 -9999 -9999 -9999 -9999 -9999 -9999 -9999 -9999 -9999 -9999 -9999 -9999 -9999 -9999 -9999 -9999 -9999 -9999 -9999 -9999 -9999
-9999 -9999 -9999 -9999 -9999 -9999 -9999 299 303 330 333 326 312 328 341 330 329 035 284 317 330 326 326 340 009 331 347 052 341 321 324 334 100 106 024 336 092 326 331 287 335 116 121 142 151 111 141 139 -9999 -9999 -9999 -9999 -9999 -9999 -9999 -9999 -9999 -9999 -9999 -9999 -9999 -9999 -9999 -9999 -9999 -9999 -9999 -9999 -9999 -9999 -9999 -9999 -9999 -9999 -9999 -9999 -9999
-9999 -9999 -9999 -9999 -9999 -9999 -9999 301 305 307 325 325 304 318 337 300 313 344 319 334 343 327 330 344 327 341 064 350 320 323 328 062 322 328 335 021 311 352 341 346 103 133 -9999 348 355 013 003 -9999 -9999 -9999 -9999 -9999 -9999 -9999 -9999 -9999 -9999 -9999 -9999 -9999 -9999 -9999 -9999 -9999 -9999 -9999 -9999 -9999 -9999 -9999 -9999 -9999 -9999 -9999 -9999 -9999 -9999
-9999 -9999 -9999 -9999 -9999 -9999 -9999 262 307 303 327 300 318 318 322 301 328 323 330 345 313 322 338 333 040 338 085 123 325 329 341 334 337 339 353 325 354 357 357 108 095 051 021 108 099 110 109 124 -9999 -9999 -9999 -9999 -9999 -9999 -9999 -9999 -9999 -9999 -9999 -9999 -9999 -9999 -9999 -9999 -9999 -9999 -9999 -9999 -9999 -9999 -9999 -9999 -9999 -9999 -9999 -9999 -9999
-9999 -9999 -9999 -9999 -9999 -9999 -9999 256 305 299 331 301 319 322 327 307 321 326 068 332 103 334 336 047 335 353 026 324 328 346 323 339 353 355 328 348 355 111 119 087 099 058 111 108 110 122 115 -9999 -9999 -9999 -9999 -9999 -9999 -9999 -9999 -9999 -9999 -9999 -9999 -9999 -9999 -9999 -9999 -9999 -9999 -9999 -9999 -9999 -9999 -9999 -9999 -9999 -9999 -9999 -9999 -9999 -9999
-9999 -9999 -9999 -9999 -9999 -9999 322 343 276 291 320 302 319 325 326 303 316 319 351 056 321 044 052 334 019 016 324 324 350 323 340 358 358 331 349 114 116 117 091 087 099 108 105 125 126 145 -9999 -9999 -9999 -9999 -9999 -9999 337 -9999 -9999 -9999 -9999 -9999 -9999 -9999 -9999 -9999 -9999 -9999 -9999 -9999 -9999 -9999 -9999 -9999 -9999 -9999 -9999 -9999 -9999 -9999 -9999
-9999 -9999 -9999 -9999 -9999 309 315 318 279 294 019 303 320 330 287 302 311 318 320 343 000 007 000 000 131 314 322 334 331 340 000 000 351 351 119 118 127 097 091 087 118 107 128 139 156 165 078 -9999 -9999 287 329 322 332 110 -9999 -9999 -9999 -9999 -9999 -9999 -9999 -9999 -9999 -9999 -9999 -9999 -9999 -9999 -9999 -9999 -9999 -9999 -9999 -9999 -9999 -9999 -9999
-9999 -9999 -9999 -9999 -9999 308 305 301 293 305 334 314 319 350 309 308 318 322 325 345 348 040 036 141 000 321 332 321 338 003 332 344 108 119 119 127 134 140 145 124 110 118 148 068 082 095 110 073 -9999 287 301 308 334 -9999 -9999 -9999 -9999 -9999 -9999 -9999 -9999 -9999 -9999 -9999 -9999 -9999 -9999 -9999 -9999 -9999 -9999 -9999 -9999 -9999 -9999 -9999 -9999
-9999 -9999 -9999 -9999 -9999 306 304 331 309 294 308 312 328 033 317 309 315 321 324 353 353 139 343 333 321 329 324 336 356 342 118 109 118 129 133 153 150 152 155 042 004 004 077 071 025 026 010 039 -9999 219 262 316 342 -9999 -9999 -9999 -9999 -9999 -9999 -9999 -9999 -9999 -9999 -9999 -9999 -9999 -9999 -9999 -9999 -9999 -9999 -9999 -9999 -9999 -9999 -9999 -9999
-9999 -9999 -9999 -9999 -9999 277 304 307 297 310 306 323 346 337 341 309 318 322 351 134 003 003 354 007 327 335 339 353 066 103 118 138 145 153 049 047 044 043 108 132 077 081 077 001 002 095 096 097 050 001 001 001 139 -9999 -9999 -9999 -9999 -9999 -9999 -9999 -9999 -9999 -9999 -9999 -9999 -9999 -9999 -9999 -9999 -9999 -9999 -9999 -9999 -9999 -9999 -9999 -9999
-9999 -9999 -9999 -9999 -9999 277 300 300 356 287 307 302 323 337 294 306 317 333 341 342 000 001 058 334 340 352 101 013 044 118 147 037 038 044 046 044 068 108 126 144 154 335 110 095 098 095 098 097 068 135 118 094 -9999 -9999 -9999 -9999 -9999 -9999 -9999 -9999 -9999 -9999 -9999 -9999 -9999 -9999 -9999 -9999 -9999 -9999 -9999 -9999 -9999 -9999 -9999 -9999 -9999
-9999 -9999 -9999 -9999 280 268 277 300 345 295 314 310 321 012 313 304 328 325 356 353 035 353 352 357 030 049 107 102 096 096 059 043 037 045 041 046 159 353 359 359 140 135 099 160 159 153 145 150 160 164 163 149 -9999 -9999 -9999 -9999 -9999 -9999 -9999 -9999 -9999 -9999 -9999 -9999 -9999 -9999 -9999 -9999 -9999 -9999 -9999 -9999 -9999 -9999 -9999 -9999 -9999
-9999 -9999 -9999 -9999 283 291 278 297 333 314 314 318 316 340 332 305 323 321 075 083 346 348 010 016 332 353 101 107 172 096 171 163 003 359 002 007 007 141 144 142 150 152 152 153 158 155 154 141 151 182 182 129 068 008 -9999 -9999 -9999 -9999 -9999 -9999 -9999 -9999 -9999 -9999 -9999 -9999 -9999 -9999 -9999 -9999 -9999 -9999 -9999 -9999 -9999 -9999 -9999
-9999 -9999 -9999 306 316 291 310 297 309 318 097 312 328 328 359 305 320 347 003 343 339 358 358 126 146 101 145 032 048 051 039 025 023 023 154 139 143 145 151 158 163 161 161 161 159 102 086 130 094 152 060 131 086 133 129 -9999 -9999 -9999 -9999 -9999 -9999 -9999 -9999 -9999 -9999 -9999 -9999 -9999 -9999 -9999 -9999 -9999 -9999 -9999 -9999 -9999 -9999
-9999 -9999 -9999 307 344 295 084 298 295 034 282 300 321 339 002 304 330 340 000 341 129 124 118 142 132 059 046 141 147 109 141 159 154 147 144 162 150 120 132 091 036 021 023 109 108 109 135 148 151 153 153 147 143 136 017 013 -9999 -9999 -9999 -9999 -9999 088 -9999 -9999 -9999 -9999 -9999 -9999 -9999 -9999 -9999 -9999 -9999 -9999 -9999 -9999 -9999
-9999 -9999 305 308 302 017 109 328 289 323 260 313 329 344 302 313 329 127 136 129 131 132 128 136 143 148 152 133 029 027 055 035 081 044 032 128 112 090 089 005 041 024 113 108 108 123 134 135 144 117 137 136 146 127 120 098 343 -9999 -9999 337 102 095 -9999 -9999 -9999 -9999 -9999 -9999 -9999 -9999 -9999 -9999 -9999 -9999 -9999 -9999 -9999
-9999 307 311 314 303 003 317 058 291 341 023 335 344 142 300 324 124 155 163 162 161 154 136 150 067 069 060 049 039 031 137 115 087 142 133 129 100 341 127 103 132 119 110 139 142 123 137 085 145 127 139 134 135 132 106 333 349 098 142 142 084 -9999 -9999 -9999 -9999 -9999 -9999 -9999 -9999 -9999 -9999 -9999 -9999 -9999 -9999 -9999 -9999
-9999 307 307 312 303 316 327 313 302 306 350 127 334 -9999 333 117 148 157 161 158 155 108 174 174 172 171 171 151 144 141 139 137 131 128 155 140 347 136 136 146 147 147 145 154 148 151 150 155 152 134 147 150 141 141 120 148 144 155 152 136 112 -9999 -9999 -9999 -9999 -9999 -9999 -9999 -9999 -9999 -9999 -9999 -9999 -9999 -9999 -9999 -9999
306 306 307 304 308 307 305 311 304 309 319 -9999 296 327 344 195 185 183 173 171 152 171 174 171 188 188 177 171 169 162 159 134 129 130 001 139 150 145 145 146 154 116 146 147 147 147 149 153 172 174 146 140 141 140 154 166 166 154 152 134 149 -9999 -9999 -9999 -9999 -9999 -9999 -9999 -9999 -9999 -9999 -9999 -9999 -9999 -9999 -9999 -9999
306 307 311 304 306 315 307 307 314 318 330 -9999 322 328 115 154 -9999 217 198 085 035 173 171 192 189 304 359 359 139 138 134 001 140 143 153 160 041 131 126 140 146 155 156 154 155 149 147 145 178 186 169 168 152 143 161 121 144 182 150 -9999 -9999 -9999 -9999 -9999 -9999 -9999 -9999 -9999 -9999 -9999 -9999 -9999 -9999 -9999 -9999 -9999 -9999
298 297 307 303 315 005 309 310 314 322 334 309 090 348 030 010 119 -9999 329 335 -9999 -9999 052 350 058 331 134 152 352 141 143 140 107 129 036 142 132 142 145 128 148 188 160 130 177 177 142 144 130 199 185 165 164 164 165 160 164 154 121 -9999 -9999 -9999 -9999 -9999 -9999 -9999 -9999 -9999 -9999 -9999 -9999 -9999 -9999 -9999 -9999 -9999 -9999
292 293 307 304 311 316 317 313 316 129 297 338 359 024 071 079 131 345 315 110 307 336 324 328 332 065 348 140 146 152 156 157 156 149 155 154 143 146 142 127 136 140 182 141 176 176 165 154 152 150 184 167 168 167 168 169 166 -9999 -9999 -9999 -9999 -9999 -9999 -9999 -9999 -9999 -9999 -9999 -9999 -9999 -9999 -9999 -9999 -9999 -9999 -9999 -9999
291 309 304 307 311 310 311 315 116 -9999 324 015 048 026 078 083 120 309 323 265 331 029 318 335 131 138 145 151 183 181 173 172 172 158 152 096 185 167 156 133 126 119 122 130 043 334 124 129 139 120 129 052 114 107 125 -9999 -9999 -9999 -9999 -9999 -9999 -9999 -9999 -9999 -9999 -9999 -9999 -9999 -9999 -9999 -9999 -9999 -9999 -9999 -9999 -9999 -9999
292 306 302 306 297 311 319 335 -9999 322 008 008 104 135 081 109 146 299 323 345 093 329 349 134 146 153 158 134 118 155 197 184 183 158 196 093 105 159 147 126 114 121 129 128 135 137 130 115 007 133 072 118 125 125 -9999 -9999 -9999 -9999 -9999 -9999 -9999 -9999 -9999 -9999 -9999 -9999 -9999 -9999 -9999 -9999 -9999 -9999 -9999 -9999 -9999 -9999 -9999
277 285 301 315 306 311 326 327 330 344 120 136 329 124 121 184 156 323 329 000 108 139 134 113 113 -9999 -9999 140 142 146 153 156 176 174 172 092 117 127 146 152 141 130 115 135 141 145 141 140 133 083 118 124 133 -9999 -9999 -9999 -9999 -9999 -9999 -9999 -9999 -9999 -9999 -9999 -9999 -9999 -9999 -9999 -9999 -9999 -9999 -9999 -9999 -9999 -9999 -9999 -9999
279 284 302 315 311 315 323 323 336 124 133 328 118 125 -9999 -9999 308 315 332 118 141 145 145 144 137 128 137 147 156 160 164 168 183 182 168 208 125 118 109 118 131 133 137 144 141 142 139 109 099 126 130 131 -9999 -9999 -9999 -9999 -9999 -9999 -9999 -9999 -9999 -9999 -9999 -9999 -9999 -9999 -9999 -9999 -9999 -9999 -9999 -9999 -9999 -9999 -9999 -9999 -9999
270 283 296 308 308 318 338 336 124 140 330 113 118 -9999 -9999 -9999 310 333 138 140 141 136 146 161 143 145 145 178 178 131 145 133 182 186 187 215 204 196 115 130 129 125 137 152 112 113 114 128 127 131 141 -9999 -9999 -9999 -9999 -9999 -9999 -9999 -9999 -9999 -9999 -9999 -9999 -9999 -9999 -9999 -9999 -9999 -9999 -9999 -9999 -9999 -9999 -9999 -9999 -9999 -9999
265 275 293 305 317 322 336 114 333 334 115 139 137 107 148 -9999 340 144 139 139 136 126 153 147 146 147 146 149 148 147 148 158 161 188 173 169 214 183 178 177 125 122 097 109 120 121 128 132 141 142 -9999 -9999 -9999 -9999 -9999 -9999 -9999 -9999 -9999 -9999 -9999 -9999 -9999 -9999 -9999 -9999 -9999 -9999 -9999 -9999 -9999 -9999 -9999 -9999 -9999 -9999 -9999
222 253 292 309 324 335 114 312 350 119 145 156 334 -9999 343 138 126 137 147 129 140 143 149 143 153 157 156 159 -9999 -9999 189 185 170 172 162 283 246 176 164 202 187 110 100 115 130 131 135 143 -9999 -9999 -9999 -9999 -9999 -9999 -9999 -9999 -9999 -9999 -9999 -9999 -9999 -9999 -9999 -9999 -9999 -9999 -9999 -9999 -9999 -9999 -9999 -9999 -9999 -9999 -9999 -9999 -9999
106 -9999 290 323 339 115 115 116 116 -9999 297 342 146 154 139 149 140 134 148 135 145 160 156 155 161 150 153 136 -9999 -9999 -9999 -9999 -9999 -9999 -9999 228 172 153 157 158 210 141 102 136 130 144 138 -9999 -9999 -9999 -9999 -9999 -9999 -9999 -9999 -9999 -9999 -9999 -9999 -9999 -9999 -9999 -9999 -9999 -9999 -9999 -9999 -9999 -9999 -9999 -9999 -9999 -9999 -9999 -9999 -9999 -9999
-9999 -9999 355 112 113 117 116 116 133 144 143 152 157 155 157 159 154 151 146 142 144 149 188 175 176 -9999 -9999 -9999 -9999 -9999 -9999 -9999 -9999 -9999 -9999 242 153 162 155 137 239 150 136 133 135 135 -9999 -9999 -9999 -9999 -9999 -9999 -9999 -9999 -9999 -9999 -9999 -9999 -9999 -9999 -9999 -9999 -9999 -9999 -9999 -9999 -9999 -9999 -9999 -9999 -9999 -9999 -9999 -9999 -9999 -9999 -9999
-9999 -9999 104 106 116 117 143 143 156 161 139 140 149 152 151 156 166 167 171 157 155 130 -9999 -9999 -9999 -9999 -9999 -9999 -9999 -9999 -9999 -9999 -9999 -9999 -9999 -9999 185 184 163 -9999 197 130 139 123 136 -9999 -9999 -9999 -9999 -9999 -9999 -9999 -9999 -9999 -9999 -9999 -9999 -9999 -9999 -9999 -9999 -9999 -9999 -9999 -9999 -9999 -9999 -9999 -9999 -9999 -9999 -9999 -9999 -9999 -9999 -9999 -9999
