farsite/tmp/7e2326380e0e492992c631694bab3f17_out_120_ReactionIntensity.asc
NCOLS 250
NROWS 252
XLLCORNER -2044817.845420
YLLCORNER 2022214.475814
CELLSIZE 26.855737
NODATA_VALUE -9999.0
[rows 174 to 202 of 252, columns 67 to 133 of 250]
-9999.0 -9999.0 -9999.0 -9999.0 -9999.0 -9999.0 -9999.0 -9999.0 -9999.0 -9999.0 -9999.0 -9999.0 -9999.0 -9999.0 -9999.0 -9999.0 -9999.0 -9999.0 -9999.0 -9999.0 -9999.0 -9999.0 -9999.0 -9999.0 -9999.0 -9999.0 -9999.0 -9999.0 -9999.0 00272.272 00549.080 00908.385 00337.169 00422.379 01052.585 00455.250 00330.232 00750.870 00959.245 00825.227 00224.559 01012.483 00943.443 00478.915 00536.393 00500.634 00157.344 00155.094 00700.606 00975.638 00723.597 00632.557 -9999.0 00043.433 00334.496 00157.932 00152.278 -9999.0 -9999.0 -9999.0 -9999.0 -9999.0 -9999.0 -9999.0 -9999.0 -9999.0 -9999.0
-9999.0 -9999.0 -9999.0 -9999.0 -9999.0 -9999.0 -9999.0 -9999.0 -9999.0 -9999.0 -9999.0 -9999.0 -9999.0 -9999.0 -9999.0 -9999.0 -9999.0 -9999.0 -9999.0 -9999.0 -9999.0 -9999.0 -9999.0 -9999.0 -9999.0 -9999.0 01011.680 00836.455 00530.799 00728.652 00829.068 00457.154 00789.647 01285.048 01009.533 00446.471 00980.517 00454.445 01261.654 00256.695 00536.954 01669.908 01206.950 00210.505 00667.876 00610.573 00511.206 00828.660 00169.214 00553.165 01498.908 00269.617 00710.060 01095.235 00438.677 00995.968 00422.152 01041.566 -9999.0 -9999.0 -9999.0 -9999.0 -9999.0 -9999.0 -9999.0 -9999.0 -9999.0
-9999.0 -9999.0 -9999.0 -9999.0 -9999.0 -9999.0 -9999.0 -9999.0 -9999.0 -9999.0 -9999.0 -9999.0 -9999.0 -9999.0 -9999.0 -9999.0 -9999.0 -9999.0 -9999.0 -9999.0 -9999.0 -9999.0 -9999.0 -9999.0 -9999.0 -9999.0 00756.129 01024.113 01095.821 00494.194 01121.236 01121.329 01005.338 00893.501 00697.157 00471.809 00984.285 00556.557 00312.225 00516.665 00373.153 01161.501 01253.267 00635.803 00416.085 00334.490 00522.319 00819.896 01017.543 01258.487 00667.938 00388.178 01010.575 00928.394 00337.381 01209.073 00628.272 -9999.0 -9999.0 -9999.0 -9999.0 -9999.0 -9999.0 -9999.0 -9999.0 -9999.0 -9999.0
-9999.0 -9999.0 -9999.0 -9999.0 -9999.0 -9999.0 -9999.0 -9999.0 -9999.0 -9999.0 -9999.0 -9999.0 -9999.0 -9999.0 -9999.0 -9999.0 -9999.0 -9999.0 -9999.0 -9999.0 -9999.0 -9999.0 -9999.0 -9999.0 -9999.0 00945.359 00696.826 00507.129 00597.181 01005.283 00991.793 01174.686 00524.471 00553.502 01252.813 00605.103 01118.414 00278.045 00493.589 00938.629 01097.630 01098.227 00501.211 00153.369 01229.013 01114.806 00205.012 00353.732 01011.278 00705.843 00756.481 00530.453 00248.717 00793.615 00447.764 01001.813 -9999.0 -9999.0 -9999.0 -9999.0 -9999.0 -9999.0 -9999.0 -9999.0 -9999.0 -9999.0 -9999.0
-9999.0 -9999.0 -9999.0 -9999.0 -9999.0 -9999.0 -9999.0 -9999.0 -9999.0 -9999.0 -9999.0 -9999.0 -9999.0 -9999.0 -9999.0 -9999.0 -9999.0 -9999.0 -9999.0 -9999.0 -9999.0 -9999.0 -9999.0 -9999.0 -9999.0 00907.960 00212.517 00348.822 00202.242 00983.941 01037.305 00262.968 01089.895 00883.391 01095.732 00521.973 00675.099 00381.329 01550.526 00950.278 00953.965 00372.475 01187.538 00437.666 00957.244 00837.754 01263.098 00636.597 00453.998 00236.979 01104.860 00803.920 01121.977 00240.169 00543.488 01190.097 00146.838 -9999.0 -9999.0 -9999.0 -9999.0 -9999.0 00964.409 00773.534 -9999.0 -9999.0 -9999.0
-9999.0 -9999.0 -9999.0 -9999.0 -9999.0 -9999.0 -9999.0 -9999.0 -9999.0 -9999.0 -9999.0 -9999.0 -9999.0 -9999.0 -9999.0 -9999.0 -9999.0 -9999.0 -9999.0 -9999.0 -9999.0 -9999.0 -9999.0 -9999.0 00573.197 00414.156 00981.894 00961.083 00363.686 01202.812 00421.004 00759.911 00315.263 00704.208 00445.026 00197.639 00653.843 00748.943 00452.188 00771.851 01253.500 00946.384 01050.260 00557.980 00179.669 00434.295 01029.335 00774.497 00734.680 00452.120 00327.803 00200.419 00557.040 01060.979 00563.260 00506.297 00304.173 00037.529 -9999.0 -9999.0 -9999.0 01028.878 00869.188 -9999.0 -9999.0 -9999.0 -9999.0
-9999.0 -9999.0 -9999.0 -9999.0 -9999.0 -9999.0 -9999.0 -9999.0 -9999.0 -9999.0 -9999.0 -9999.0 -9999.0 -9999.0 -9999.0 -9999.0 -9999.0 -9999.0 -9999.0 -9999.0 -9999.0 -9999.0 00538.057 00479.240 00697.030 00722.679 00602.879 00964.817 00178.309 00256.602 00326.091 00458.872 00227.506 00454.402 00708.288 00862.295 01233.841 00449.473 00576.107 01117.896 01247.515 00651.144 00192.988 00564.034 00491.681 01243.652 00739.395 00397.097 00305.658 00826.110 01063.462 00168.521 00546.972 00759.790 00665.161 00959.964 00170.682 00618.878 -9999.0 -9999.0 -9999.0 00052.631 00923.580 -9999.0 -9999.0 -9999.0 -9999.0
-9999.0 -9999.0 -9999.0 -9999.0 -9999.0 -9999.0 -9999.0 -9999.0 -9999.0 -9999.0 -9999.0 -9999.0 -9999.0 -9999.0 -9999.0 -9999.0 -9999.0 -9999.0 -9999.0 -9999.0 -9999.0 01138.740 00499.147 00232.439 00480.040 00580.545 00661.493 00394.398 00609.970 00459.453 01618.846 00532.985 01265.319 01176.851 00165.985 00300.279 00224.622 00442.361 01213.247 00746.804 01132.873 00239.893 00713.207 00614.287 01158.204 00919.711 00652.520 00350.798 01172.281 01191.474 00277.448 00772.137 00331.613 00668.995 00248.880 01200.857 01009.315 00980.990 00017.995 01671.188 01216.256 00242.739 00682.116 -9999.0 -9999.0 -9999.0 -9999.0
-9999.0 -9999.0 -9999.0 -9999.0 -9999.0 -9999.0 -9999.0 -9999.0 -9999.0 -9999.0 -9999.0 -9999.0 -9999.0 -9999.0 -9999.0 -9999.0 -9999.0 -9999.0 -9999.0 -9999.0 00283.913 00590.707 00867.602 00572.583 01165.512 00614.581 00626.727 00502.638 01653.757 00228.421 00615.353 00840.639 00534.979 01370.945 01166.382 01032.643 01004.561 00865.846 00265.362 00290.282 00421.786 00851.689 00500.403 00337.996 01174.454 00855.062 00663.198 00516.382 00877.704 00587.242 00547.516 00863.503 01236.828 00660.684 00646.895 00623.536 00438.686 00322.759 00185.203 01101.343 00828.336 00003.899 -9999.0 -9999.0 -9999.0 -9999.0 -9999.0
-9999.0 -9999.0 -9999.0 -9999.0 -9999.0 -9999.0 -9999.0 -9999.0 -9999.0 -9999.0 -9999.0 -9999.0 -9999.0 -9999.0 -9999.0 -9999.0 -9999.0 -9999.0 -9999.0 -9999.0 00936.866 01037.872 00635.374 01637.846 01336.603 00405.414 01188.370 00430.139 01231.092 00438.666 01036.488 01082.819 00355.075 00709.467 01042.012 00336.889 01272.556 01229.120 00892.103 01144.093 01241.635 00680.903 00615.034 00478.949 00274.236 00155.415 00747.463 01416.720 01110.403 00176.355 00440.230 00457.807 00203.044 00989.847 00998.961 00783.475 00450.330 00476.389 00642.195 00923.171 01143.426 00047.281 -9999.0 -9999.0 -9999.0 -9999.0 -9999.0
-9999.0 -9999.0 -9999.0 -9999.0 -9999.0 -9999.0 -9999.0 -9999.0 -9999.0 -9999.0 -9999.0 -9999.0 -9999.0 -9999.0 -9999.0 -9999.0 -9999.0 -9999.0 -9999.0 01386.807 01272.784 00532.260 00588.085 00313.231 00391.805 00511.258 00949.589 00289.909 00923.445 00363.782 01062.889 00771.458 01174.661 00580.533 01112.401 00202.182 00573.835 00222.167 00174.168 00203.915 00839.171 00944.216 00448.718 01041.711 00357.988 00822.573 00304.031 00798.541 00432.720 00803.512 00910.959 00863.717 00925.996 01119.489 00205.138 00434.685 00740.051 01118.569 01058.633 00342.540 01114.654 00108.440 00123.229 00244.268 -9999.0 -9999.0 -9999.0
-9999.0 -9999.0 -9999.0 -9999.0 -9999.0 -9999.0 -9999.0 -9999.0 -9999.0 -9999.0 -9999.0 -9999.0 -9999.0 -9999.0 -9999.0 -9999.0 -9999.0 -9999.0 00850.684 01207.720 00996.226 00727.771 00765.186 00295.980 00474.128 00844.852 00710.829 00733.493 01322.678 01589.775 01256.777 01245.134 01265.146 01226.345 01219.687 00192.608 01031.765 00909.362 00587.597 00746.941 01052.518 01024.160 00938.244 00657.131 01214.278 00294.129 00922.289 00847.092 00823.671 00464.092 01160.756 00413.282 00706.405 01056.114 00265.055 01196.493 00757.555 01073.565 00390.430 00245.293 00832.106 00174.001 00165.779 00681.773 01106.398 -9999.0 -9999.0
-9999.0 -9999.0 -9999.0 -9999.0 -9999.0 -9999.0 -9999.0 -9999.0 -9999.0 -9999.0 -9999.0 -9999.0 -9999.0 -9999.0 -9999.0 -9999.0 -9999.0 -9999.0 00296.962 00731.513 01015.337 00761.690 00414.396 00298.031 00512.066 00450.718 01275.955 01272.918 01262.093 01266.384 01231.577 01251.018 01268.682 01257.838 01245.771 00815.511 00205.284 00870.481 00619.603 00448.527 00467.784 00305.209 00425.189 00379.295 00221.265 00842.876 01189.457 01228.417 00705.265 01530.851 01073.804 00957.768 00487.791 01150.446 00425.562 00933.943 01077.190 01184.858 00682.586 00438.050 00894.902 00978.480 00265.830 -9999.0 -9999.0 -9999.0 -9999.0
-9999.0 -9999.0 -9999.0 -9999.0 -9999.0 -9999.0 -9999.0 -9999.0 -9999.0 -9999.0 -9999.0 -9999.0 -9999.0 -9999.0 -9999.0 -9999.0 -9999.0 00152.392 00860.350 00690.582 00000.000 00285.070 00669.382 00649.288 01210.415 01252.759 01265.190 01214.239 01242.941 01252.756 01247.088 01252.681 01560.322 01014.604 00513.645 01180.455 01140.467 00919.262 00926.273 00282.276 00662.045 00713.817 00806.185 00853.669 00399.547 00997.917 00634.755 01072.823 00178.930 00218.029 00997.394 00419.601 00882.797 00914.379 00414.422 01597.457 00599.470 01247.460 00783.288 00890.968 00957.666 00582.660 -9999.0 -9999.0 -9999.0 -9999.0 -9999.0
-9999.0 -9999.0 -9999.0 -9999.0 -9999.0 -9999.0 -9999.0 -9999.0 -9999.0 -9999.0 -9999.0 -9999.0 -9999.0 -9999.0 -9999.0 -9999.0 00328.801 00152.160 01747.145 00967.105 00660.999 00943.611 00520.975 00645.893 00085.326 01247.711 01261.891 01255.367 01268.268 01261.921 01446.432 01568.090 00150.162 00156.730 01262.122 00917.676 00734.663 00878.398 00719.038 00248.365 01258.103 00696.323 00242.306 00925.391 00305.396 00826.762 00303.202 01353.679 00735.014 00316.678 01372.062 00465.772 00179.549 00633.945 01240.937 01137.158 00214.295 00553.681 00988.416 00835.357 01115.476 -9999.0 -9999.0 -9999.0 -9999.0 -9999.0 -9999.0
-9999.0 -9999.0 -9999.0 -9999.0 -9999.0 -9999.0 -9999.0 -9999.0 -9999.0 -9999.0 -9999.0 -9999.0 -9999.0 -9999.0 -9999.0 01144.312 00675.645 00600.473 00293.110 00719.000 01326.887 00909.173 00572.095 -9999.0 00406.960 01468.294 01234.924 01237.534 00922.863 00563.545 00898.177 00845.479 00597.787 00164.732 00633.042 00918.565 01114.115 00805.005 01209.758 00999.941 01096.626 01156.693 00821.485 00501.711 00154.129 01131.686 00233.879 01161.689 00533.412 01255.305 00594.261 00533.746 00345.228 01217.762 00484.393 01028.874 01220.696 00982.696 00888.280 00609.256 -9999.0 -9999.0 -9999.0 -9999.0 -9999.0 -9999.0 -9999.0
-9999.0 -9999.0 -9999.0 -9999.0 -9999.0 -9999.0 -9999.0 -9999.0 -9999.0 -9999.0 -9999.0 -9999.0 -9999.0 -9999.0 01258.952 00229.054 01062.426 00616.310 01282.356 00713.794 01270.120 -9999.0 01059.231 01247.872 01248.357 00234.942 01241.300 00684.988 00355.886 01025.574 01293.146 00360.719 00744.213 00176.163 00364.925 01149.760 00760.876 00296.602 00733.128 00870.921 00694.952 01224.310 00811.331 00328.957 00404.112 00701.286 01258.973 00172.547 00886.668 01148.087 00592.600 01001.181 01023.960 00873.130 00798.791 01111.047 00981.717 -9999.0 -9999.0 -9999.0 -9999.0 -9999.0 -9999.0 -9999.0 -9999.0 -9999.0 -9999.0
-9999.0 -9999.0 -9999.0 -9999.0 -9999.0 -9999.0 -9999.0 -9999.0 -9999.0 -9999.0 -9999.0 -9999.0 -9999.0 -9999.0 00727.790 00289.342 00159.265 01180.128 00545.108 01271.225 01263.593 -9999.0 01249.854 00184.121 00974.040 00065.930 -9999.0 00326.251 01293.582 00000.000 00000.000 00212.411 01286.740 00365.677 01227.189 00021.805 01252.801 00489.891 01024.613 00684.788 00468.119 00750.966 00995.430 00904.669 01040.189 00707.726 01194.676 01199.795 00578.869 01092.259 00978.631 00552.597 00641.744 00792.606 00864.336 -9999.0 -9999.0 -9999.0 -9999.0 -9999.0 -9999.0 -9999.0 -9999.0 -9999.0 -9999.0 -9999.0 -9999.0
-9999.0 -9999.0 -9999.0 -9999.0 -9999.0 -9999.0 -9999.0 -9999.0 -9999.0 -9999.0 -9999.0 -9999.0 -9999.0 00591.888 01308.075 01068.953 01066.482 00875.063 01273.015 01263.844 01257.520 01248.707 00946.702 00690.679 00015.428 00090.940 00658.887 -9999.0 00000.000 00435.168 -9999.0 -9999.0 01037.616 00107.485 00070.283 01133.268 00160.593 00514.803 00610.700 00878.092 00529.114 00620.613 00869.902 00517.478 00785.150 01152.713 00237.741 00870.572 01205.805 00815.976 00812.616 00570.141 00923.721 -9999.0 -9999.0 -9999.0 -9999.0 -9999.0 -9999.0 -9999.0 -9999.0 -9999.0 -9999.0 -9999.0 -9999.0 -9999.0 -9999.0
-9999.0 -9999.0 -9999.0 -9999.0 -9999.0 -9999.0 -9999.0 -9999.0 -9999.0 -9999.0 -9999.0 -9999.0 00792.920 00571.671 00771.403 01516.020 00763.943 01274.474 01261.467 01255.103 00823.573 00893.463 00201.443 00580.779 01267.468 00263.448 00000.000 00459.875 01126.962 00118.444 00000.000 01305.643 00412.600 00263.061 00397.060 00151.085 00151.102 00335.860 00826.551 00880.562 00778.552 00978.019 00983.437 00349.837 01274.213 01139.328 00160.580 00474.726 00975.230 01126.768 -9999.0 -9999.0 -9999.0 -9999.0 -9999.0 -9999.0 -9999.0 -9999.0 -9999.0 -9999.0 -9999.0 -9999.0 -9999.0 -9999.0 -9999.0 -9999.0 -9999.0
-9999.0 -9999.0 -9999.0 -9999.0 -9999.0 -9999.0 -9999.0 -9999.0 -9999.0 -9999.0 -9999.0 -9999.0 00987.843 00785.434 00583.505 00484.106 01277.915 01261.551 01253.052 -9999.0 00200.370 01093.880 00326.648 00974.687 01162.511 00150.524 00575.403 00581.849 00503.511 -9999.0 00000.000 00151.128 00151.087 00829.043 01177.952 01017.476 01130.666 00194.657 00203.156 00709.835 00466.145 00167.288 00822.545 00187.049 00875.055 01648.161 00958.568 00621.800 00794.377 -9999.0 -9999.0 -9999.0 -9999.0 -9999.0 -9999.0 -9999.0 -9999.0 -9999.0 -9999.0 -9999.0 -9999.0 -9999.0 -9999.0 -9999.0 -9999.0 -9999.0 -9999.0
-9999.0 -9999.0 -9999.0 -9999.0 -9999.0 -9999.0 -9999.0 -9999.0 -9999.0 -9999.0 -9999.0 01319.983 00264.078 00543.849 00964.032 01278.338 01259.343 01249.849 -9999.0 00734.780 01012.263 00194.291 00875.580 00138.327 00956.568 00054.628 00103.952 01313.581 00640.378 00622.205 00869.459 00151.213 00149.684 01183.706 00273.401 00436.668 00540.988 00095.396 00138.793 00914.800 00377.882 00492.652 01002.422 00788.954 00311.750 01033.863 -9999.0 -9999.0 -9999.0 -9999.0 -9999.0 -9999.0 -9999.0 -9999.0 -9999.0 -9999.0 -9999.0 -9999.0 -9999.0 -9999.0 -9999.0 -9999.0 -9999.0 -9999.0 -9999.0 -9999.0 -9999.0
-9999.0 -9999.0 -9999.0 -9999.0 -9999.0 -9999.0 -9999.0 -9999.0 -9999.0 -9999.0 -9999.0 00297.227 00611.764 01038.501 01109.061 01259.405 01177.398 00330.022 00221.132 00932.010 00994.520 01056.830 00282.645 01094.617 00145.497 -9999.0 -9999.0 01184.198 00721.342 00362.499 01040.921 01081.137 00168.018 00236.484 00638.622 -9999.0 -9999.0 00724.443 00269.357 00357.569 01082.926 -9999.0 -9999.0 -9999.0 -9999.0 00251.550 -9999.0 -9999.0 -9999.0 -9999.0 -9999.0 -9999.0 -9999.0 -9999.0 -9999.0 -9999.0 -9999.0 -9999.0 -9999.0 -9999.0 -9999.0 -9999.0 -9999.0 -9999.0 -9999.0 -9999.0 -9999.0
-9999.0 -9999.0 -9999.0 -9999.0 -9999.0 -9999.0 -9999.0 -9999.0 -9999.0 -9999.0 -9999.0 00582.776 00469.451 00440.235 01264.160 01232.099 00974.606 00645.084 01096.010 00722.499 00904.913 00238.257 00779.891 00138.277 -9999.0 -9999.0 00671.631 00312.278 00552.197 00548.045 01167.007 00945.922 00212.873 00470.096 01118.956 00053.575 00426.964 00208.193 -9999.0 -9999.0 -9999.0 -9999.0 -9999.0 -9999.0 -9999.0 -9999.0 -9999.0 -9999.0 -9999.0 -9999.0 -9999.0 -9999.0 -9999.0 -9999.0 -9999.0 -9999.0 -9999.0 -9999.0 -9999.0 -9999.0 -9999.0 -9999.0 -9999.0 -9999.0 -9999.0 -9999.0 -9999.0
-9999.0 -9999.0 -9999.0 -9999.0 -9999.0 -9999.0 -9999.0 -9999.0 -9999.0 -9999.0 -9999.0 01037.984 00771.255 01269.870 00251.228 00182.789 01032.108 01168.737 00517.327 00769.344 00361.978 00659.648 00736.963 -9999.0 -9999.0 -9999.0 00140.601 00992.736 01042.603 00835.257 00190.750 01144.704 00619.624 00395.023 00711.930 00822.805 00511.737 -9999.0 -9999.0 -9999.0 -9999.0 -9999.0 -9999.0 -9999.0 -9999.0 -9999.0 -9999.0 -9999.0 -9999.0 -9999.0 -9999.0 -9999.0 -9999.0 -9999.0 -9999.0 -9999.0 -9999.0 -9999.0 -9999.0 -9999.0 -9999.0 -9999.0 -9999.0 -9999.0 -9999.0 -9999.0 -9999.0
-9999.0 -9999.0 -9999.0 -9999.0 -9999.0 -9999.0 -9999.0 -9999.0 -9999.0 -9999.0 -9999.0 00839.587 00686.282 01250.988 00570.040 00223.815 01157.599 00670.324 00477.643 00779.677 00418.578 01149.859 00093.529 00710.834 01100.749 -9999.0 00077.372 00634.185 00373.043 00632.091 00973.075 00593.378 00211.090 00716.452 00724.969 -9999.0 -9999.0 -9999.0 -9999.0 -9999.0 -9999.0 -9999.0 -9999.0 -9999.0 -9999.0 -9999.0 -9999.0 -9999.0 -9999.0 -9999.0 -9999.0 -9999.0 -9999.0 -9999.0 -9999.0 -9999.0 -9999.0 -9999.0 -9999.0 -9999.0 -9999.0 -9999.0 -9999.0 -9999.0 -9999.0 -9999.0 -9999.0
-9999.0 -9999.0 -9999.0 -9999.0 -9999.0 -9999.0 -9999.0 -9999.0 -9999.0 -9999.0 -9999.0 00151.435 01066.473 01053.075 01024.812 00626.512 00417.832 00000.000 00109.992 01132.524 00824.994 01254.601 01265.698 -9999.0 00689.859 01110.283 01027.965 01290.763 00907.980 00794.796 00565.984 00383.193 00593.805 00358.004 -9999.0 -9999.0 -9999.0 -9999.0 -9999.0 -9999.0 -9999.0 -9999.0 -9999.0 -9999.0 -9999.0 -9999.0 -9999.0 -9999.0 -9999.0 -9999.0 -9999.0 -9999.0 -9999.0 -9999.0 -9999.0 -9999.0 -9999.0 -9999.0 -9999.0 -9999.0 -9999.0 -9999.0 -9999.0 -9999.0 -9999.0 -9999.0 -9999.0
-9999.0 -9999.0 -9999.0 -9999.0 -9999.0 -9999.0 -9999.0 -9999.0 -9999.0 -9999.0 -9999.0 -9999.0 00057.524 00121.313 00527.112 01184.565 01119.892 01124.928 00723.487 -9999.0 00000.000 00648.436 01123.432 00890.182 00387.366 01097.973 00193.007 00744.906 00993.342 00461.044 00297.568 -9999.0 -9999.0 -9999.0 -9999.0 -9999.0 -9999.0 -9999.0 -9999.0 -9999.0 -9999.0 -9999.0 -9999.0 -9999.0 -9999.0 -9999.0 -9999.0 -9999.0 -9999.0 -9999.0 -9999.0 -9999.0 -9999.0 -9999.0 -9999.0 -9999.0 -9999.0 -9999.0 -9999.0 -9999.0 -9999.0 -9999.0 -9999.0 -9999.0 -9999.0 -9999.0 -9999.0
-9999.0 -9999.0 -9999.0 -9999.0 -9999.0 -9999.0 -9999.0 -9999.0 -9999.0 -9999.0 -9999.0 -9999.0 00307.035 01217.816 00452.254 00725.365 00880.644 00289.468 00043.370 01248.879 01263.362 01275.961 00203.878 00179.042 01248.053 01044.293 00771.501 00713.748 00850.654 00606.516 -9999.0 -9999.0 -9999.0 -9999.0 -9999.0 -9999.0 -9999.0 -9999.0 -9999.0 -9999.0 -9999.0 -9999.0 -9999.0 -9999.0 -9999.0 -9999.0 -9999.0 -9999.0 -9999.0 -9999.0 -9999.0 -9999.0 -9999.0 -9999.0 -9999.0 -9999.0 -9999.0 -9999.0 -9999.0 -9999.0 -9999.0 -9999.0 -9999.0 -9999.0 -9999.0 -9999.0 -9999.0
