farsite/tmp/7e2326380e0e492992c631694bab3f17_out_120_SpreadRate.asc
NCOLS 250
NROWS 252
XLLCORNER -2044817.845420
YLLCORNER 2022214.475814
CELLSIZE 26.855737
NODATA_VALUE -9999.0
[rows 174 to 202 of 252, columns 67 to 133 of 250]
-9999.0 -9999.0 -9999.0 -9999.0 -9999.0 -9999.0 -9999.0 -9999.0 -9999.0 -9999.0 -9999.0 -9999.0 -9999.0 -9999.0 -9999.0 -9999.0 -9999.0 -9999.0 -9999.0 -9999.0 -9999.0 -9999.0 -9999.0 -9999.0 -9999.0 -9999.0 -9999.0 -9999.0 -9999.0 01.61 02.00 01.94 02.87 01.82 03.14 05.30 06.06 05.80 02.54 03.30 04.86 03.59 01.93 02.21 06.87 02.30 00.31 02.33 03.69 07.61 09.26 05.71 -9999.0 01.76 06.11 00.85 00.09 -9999.0 -9999.0 -9999.0 -9999.0 -9999.0 -9999.0 -9999.0 -9999.0 -9999.0 -9999.0
-9999.0 -9999.0 -9999.0 -9999.0 -9999.0 -9999.0 -9999.0 -9999.0 -9999.0 -9999.0 -9999.0 -9999.0 -9999.0 -9999.0 -9999.0 -9999.0 -9999.0 -9999.0 -9999.0 -9999.0 -9999.0 -9999.0 -9999.0 -9999.0 -9999.0 -9999.0 01.23 01.58 01.97 01.80 01.21 01.55 02.14 02.43 05.44 03.79 04.99 05.22 02.88 04.29 05.28 01.74 06.65 08.92 07.13 04.80 04.12 06.60 09.72 09.84 04.75 05.90 07.69 09.20 09.00 06.81 05.47 08.31 -9999.0 -9999.0 -9999.0 -9999.0 -9999.0 -9999.0 -9999.0 -9999.0 -9999.0
-9999.0 -9999.0 -9999.0 -9999.0 -9999.0 -9999.0 -9999.0 -9999.0 -9999.0 -9999.0 -9999.0 -9999.0 -9999.0 -9999.0 -9999.0 -9999.0 -9999.0 -9999.0 -9999.0 -9999.0 -9999.0 -9999.0 -9999.0 -9999.0 -9999.0 -9999.0 01.81 02.08 02.89 01.05 02.24 01.55 03.16 05.05 03.71 03.33 02.40 02.08 03.47 04.15 04.11 05.99 08.57 08.30 07.49 07.68 08.95 08.99 09.24 10.25 08.77 06.67 07.83 08.82 08.88 06.66 04.01 -9999.0 -9999.0 -9999.0 -9999.0 -9999.0 -9999.0 -9999.0 -9999.0 -9999.0 -9999.0
-9999.0 -9999.0 -9999.0 -9999.0 -9999.0 -9999.0 -9999.0 -9999.0 -9999.0 -9999.0 -9999.0 -9999.0 -9999.0 -9999.0 -9999.0 -9999.0 -9999.0 -9999.0 -9999.0 -9999.0 -9999.0 -9999.0 -9999.0 -9999.0 -9999.0 01.40 02.00 02.46 01.52 02.95 03.54 03.55 04.08 04.31 06.80 08.34 01.53 02.74 04.16 02.55 05.30 07.38 07.58 06.87 09.10 10.96 10.25 09.24 09.71 08.23 07.34 06.29 06.99 07.86 07.61 06.00 -9999.0 -9999.0 -9999.0 -9999.0 -9999.0 -9999.0 -9999.0 -9999.0 -9999.0 -9999.0 -9999.0
-9999.0 -9999.0 -9999.0 -9999.0 -9999.0 -9999.0 -9999.0 -9999.0 -9999.0 -9999.0 -9999.0 -9999.0 -9999.0 -9999.0 -9999.0 -9999.0 -9999.0 -9999.0 -9999.0 -9999.0 -9999.0 -9999.0 -9999.0 -9999.0 -9999.0 01.48 01.96 02.24 03.16 01.70 03.77 03.13 04.12 07.26 11.32 01.67 02.66 03.04 01.87 05.20 06.53 06.88 06.42 09.16 10.85 10.07 10.56 09.44 09.64 06.17 05.53 05.21 05.06 06.21 03.22 03.36 02.86 -9999.0 -9999.0 -9999.0 -9999.0 -9999.0 07.63 00.79 -9999.0 -9999.0 -9999.0
-9999.0 -9999.0 -9999.0 -9999.0 -9999.0 -9999.0 -9999.0 -9999.0 -9999.0 -9999.0 -9999.0 -9999.0 -9999.0 -9999.0 -9999.0 -9999.0 -9999.0 -9999.0 -9999.0 -9999.0 -9999.0 -9999.0 -9999.0 -9999.0 01.17 01.55 01.97 04.66 06.96 08.48 05.16 07.46 06.25 07.00 02.67 02.65 04.34 07.11 04.86 06.06 04.49 06.78 09.37 11.18 08.86 10.31 09.55 09.33 08.17 07.08 05.82 01.58 03.10 07.00 04.62 07.32 11.55 00.79 -9999.0 -9999.0 -9999.0 05.66 04.88 -9999.0 -9999.0 -9999.0 -9999.0
-9999.0 -9999.0 -9999.0 -9999.0 -9999.0 -9999.0 -9999.0 -9999.0 -9999.0 -9999.0 -9999.0 -9999.0 -9999.0 -9999.0 -9999.0 -9999.0 -9999.0 -9999.0 -9999.0 -9999.0 -9999.0 -9999.0 02.15 03.36 01.64 01.41 01.83 03.01 03.65 04.29 04.84 04.25 08.64 03.90 03.61 05.64 08.61 05.03 05.08 03.28 07.20 07.95 10.81 11.57 08.90 08.62 08.39 08.17 07.64 12.32 01.99 09.62 04.62 05.48 02.89 08.91 04.84 00.24 -9999.0 -9999.0 -9999.0 01.99 01.48 -9999.0 -9999.0 -9999.0 -9999.0
-9999.0 -9999.0 -9999.0 -9999.0 -9999.0 -9999.0 -9999.0 -9999.0 -9999.0 -9999.0 -9999.0 -9999.0 -9999.0 -9999.0 -9999.0 -9999.0 -9999.0 -9999.0 -9999.0 -9999.0 -9999.0 01.67 01.86 01.35 02.05 01.14 01.54 02.73 03.28 03.35 01.70 01.82 02.99 04.92 03.92 04.16 05.28 04.96 05.93 05.38 06.33 06.84 09.04 08.05 09.46 09.29 09.63 10.09 10.25 10.16 05.16 04.39 07.01 01.72 01.97 02.84 04.30 01.93 00.39 02.36 03.80 06.41 01.21 -9999.0 -9999.0 -9999.0 -9999.0
-9999.0 -9999.0 -9999.0 -9999.0 -9999.0 -9999.0 -9999.0 -9999.0 -9999.0 -9999.0 -9999.0 -9999.0 -9999.0 -9999.0 -9999.0 -9999.0 -9999.0 -9999.0 -9999.0 -9999.0 01.65 01.76 01.56 02.70 01.13 00.99 01.84 01.45 01.40 01.37 01.65 02.03 02.99 01.39 03.05 04.47 05.64 04.53 04.60 04.77 04.38 06.04 10.46 11.50 10.73 11.89 08.92 08.73 09.29 06.85 05.98 02.37 08.34 04.72 02.69 02.90 04.27 04.31 02.75 03.87 05.11 00.12 -9999.0 -9999.0 -9999.0 -9999.0 -9999.0
-9999.0 -9999.0 -9999.0 -9999.0 -9999.0 -9999.0 -9999.0 -9999.0 -9999.0 -9999.0 -9999.0 -9999.0 -9999.0 -9999.0 -9999.0 -9999.0 -9999.0 -9999.0 -9999.0 -9999.0 01.68 02.07 01.90 02.05 01.56 01.13 01.50 02.12 01.79 01.46 01.65 01.16 01.15 01.76 02.30 02.18 07.40 07.33 04.46 06.00 07.61 10.13 10.00 14.63 13.86 09.28 08.15 02.41 06.95 10.24 06.71 04.34 04.69 03.44 02.52 02.96 03.36 03.60 03.67 03.89 04.25 01.29 -9999.0 -9999.0 -9999.0 -9999.0 -9999.0
-9999.0 -9999.0 -9999.0 -9999.0 -9999.0 -9999.0 -9999.0 -9999.0 -9999.0 -9999.0 -9999.0 -9999.0 -9999.0 -9999.0 -9999.0 -9999.0 -9999.0 -9999.0 -9999.0 01.01 01.25 01.70 01.84 01.79 04.74 01.43 01.91 02.77 03.35 02.13 01.35 01.39 01.91 01.35 00.87 03.08 08.00 09.91 03.53 08.23 10.10 08.99 08.03 05.69 06.71 07.94 09.13 08.87 07.92 03.33 03.65 02.88 02.68 02.11 01.85 02.24 02.79 01.87 02.37 02.78 03.11 01.48 01.70 02.67 -9999.0 -9999.0 -9999.0
-9999.0 -9999.0 -9999.0 -9999.0 -9999.0 -9999.0 -9999.0 -9999.0 -9999.0 -9999.0 -9999.0 -9999.0 -9999.0 -9999.0 -9999.0 -9999.0 -9999.0 -9999.0 00.66 00.62 02.36 01.44 02.27 03.68 04.70 01.37 02.01 03.08 02.57 02.49 03.11 03.68 05.67 05.22 05.60 04.08 06.68 03.88 05.84 05.15 05.25 06.41 06.35 06.92 08.19 07.08 06.73 05.09 02.89 02.40 02.35 02.27 02.15 01.89 02.03 04.26 05.95 07.60 03.91 03.61 03.48 01.86 02.74 03.43 01.81 -9999.0 -9999.0
-9999.0 -9999.0 -9999.0 -9999.0 -9999.0 -9999.0 -9999.0 -9999.0 -9999.0 -9999.0 -9999.0 -9999.0 -9999.0 -9999.0 -9999.0 -9999.0 -9999.0 -9999.0 00.90 00.44 00.65 01.65 02.99 02.60 01.63 01.17 03.63 03.86 03.17 04.06 06.69 06.39 06.19 04.94 01.79 12.47 19.59 05.69 07.53 01.95 02.76 05.90 07.22 06.04 05.25 04.53 02.43 06.73 06.32 03.27 06.05 05.28 05.48 05.69 06.11 06.37 05.48 04.85 03.71 03.57 01.72 02.11 01.48 -9999.0 -9999.0 -9999.0 -9999.0
-9999.0 -9999.0 -9999.0 -9999.0 -9999.0 -9999.0 -9999.0 -9999.0 -9999.0 -9999.0 -9999.0 -9999.0 -9999.0 -9999.0 -9999.0 -9999.0 -9999.0 00.97 00.82 00.65 00.05 01.59 02.54 04.74 00.70 01.97 05.65 05.79 05.23 05.39 05.38 05.52 04.53 05.56 07.00 09.20 04.38 01.24 13.75 14.86 07.19 08.49 05.81 07.05 09.00 09.16 04.90 06.31 07.75 05.76 04.14 04.38 05.10 05.17 05.96 03.69 03.61 04.80 04.26 04.12 05.11 02.43 -9999.0 -9999.0 -9999.0 -9999.0 -9999.0
-9999.0 -9999.0 -9999.0 -9999.0 -9999.0 -9999.0 -9999.0 -9999.0 -9999.0 -9999.0 -9999.0 -9999.0 -9999.0 -9999.0 -9999.0 -9999.0 01.05 00.83 00.74 01.76 01.23 01.44 03.13 02.67 00.36 05.17 06.86 01.37 03.18 03.93 04.35 04.76 05.75 06.83 05.14 07.46 14.34 10.09 12.17 16.22 12.48 06.29 05.69 05.55 06.40 06.31 06.37 05.23 08.71 05.63 03.48 04.59 04.58 04.49 04.91 03.63 03.81 04.65 03.59 10.54 09.05 -9999.0 -9999.0 -9999.0 -9999.0 -9999.0 -9999.0
-9999.0 -9999.0 -9999.0 -9999.0 -9999.0 -9999.0 -9999.0 -9999.0 -9999.0 -9999.0 -9999.0 -9999.0 -9999.0 -9999.0 -9999.0 01.99 03.40 01.90 01.31 02.30 02.09 02.01 00.53 -9999.0 00.99 02.82 01.97 03.07 03.68 04.17 01.64 00.74 02.00 04.46 07.03 10.16 13.50 12.71 14.13 12.77 04.78 03.99 04.69 04.92 05.92 05.41 09.50 06.65 05.07 04.20 03.88 03.48 03.49 03.56 03.69 03.49 02.88 02.58 03.09 07.16 -9999.0 -9999.0 -9999.0 -9999.0 -9999.0 -9999.0 -9999.0
-9999.0 -9999.0 -9999.0 -9999.0 -9999.0 -9999.0 -9999.0 -9999.0 -9999.0 -9999.0 -9999.0 -9999.0 -9999.0 -9999.0 01.77 03.53 01.44 01.68 01.74 02.10 02.94 -9999.0 01.40 04.39 00.73 00.03 00.61 01.16 01.76 02.21 03.45 03.11 03.42 04.00 03.71 06.01 07.66 08.20 06.67 06.56 04.95 06.47 05.58 08.00 11.36 06.47 04.84 03.96 03.16 03.08 03.27 03.47 03.73 02.93 02.41 01.80 01.19 -9999.0 -9999.0 -9999.0 -9999.0 -9999.0 -9999.0 -9999.0 -9999.0 -9999.0 -9999.0
-9999.0 -9999.0 -9999.0 -9999.0 -9999.0 -9999.0 -9999.0 -9999.0 -9999.0 -9999.0 -9999.0 -9999.0 -9999.0 -9999.0 02.37 03.69 02.57 02.63 09.92 03.76 02.92 -9999.0 03.55 07.47 00.37 00.30 -9999.0 00.17 01.00 00.48 09.78 02.34 01.11 01.13 01.56 00.60 06.05 05.69 05.48 05.53 05.64 05.74 05.80 05.58 04.09 03.63 04.10 05.38 03.69 04.12 03.19 02.32 02.10 01.44 00.86 -9999.0 -9999.0 -9999.0 -9999.0 -9999.0 -9999.0 -9999.0 -9999.0 -9999.0 -9999.0 -9999.0 -9999.0
-9999.0 -9999.0 -9999.0 -9999.0 -9999.0 -9999.0 -9999.0 -9999.0 -9999.0 -9999.0 -9999.0 -9999.0 -9999.0 02.04 03.30 01.73 04.06 07.33 05.43 06.92 06.93 02.66 05.92 07.33 00.09 00.60 08.60 -9999.0 00.47 03.25 -9999.0 -9999.0 01.20 01.10 00.80 10.52 04.94 03.90 05.63 06.67 05.36 04.01 02.97 05.07 05.36 05.30 03.39 02.42 02.51 01.44 01.67 00.90 00.96 -9999.0 -9999.0 -9999.0 -9999.0 -9999.0 -9999.0 -9999.0 -9999.0 -9999.0 -9999.0 -9999.0 -9999.0 -9999.0 -9999.0
-9999.0 -9999.0 -9999.0 -9999.0 -9999.0 -9999.0 -9999.0 -9999.0 -9999.0 -9999.0 -9999.0 -9999.0 02.30 02.72 02.69 01.23 07.91 12.49 10.89 12.40 01.15 04.97 06.10 02.40 00.79 00.82 07.14 21.90 05.94 02.87 01.18 04.17 03.01 06.47 10.44 00.57 02.86 07.25 04.86 03.88 03.00 02.88 03.10 03.24 03.25 02.21 01.03 01.27 01.49 01.65 -9999.0 -9999.0 -9999.0 -9999.0 -9999.0 -9999.0 -9999.0 -9999.0 -9999.0 -9999.0 -9999.0 -9999.0 -9999.0 -9999.0 -9999.0 -9999.0 -9999.0
-9999.0 -9999.0 -9999.0 -9999.0 -9999.0 -9999.0 -9999.0 -9999.0 -9999.0 -9999.0 -9999.0 -9999.0 01.94 02.83 03.19 03.42 09.67 19.22 05.69 -9999.0 05.91 09.34 07.30 08.20 00.70 00.72 11.10 03.03 01.23 -9999.0 00.52 00.81 03.03 04.86 06.57 09.10 04.78 03.15 00.05 00.58 01.24 01.44 01.62 01.91 01.30 00.67 00.63 00.97 00.99 -9999.0 -9999.0 -9999.0 -9999.0 -9999.0 -9999.0 -9999.0 -9999.0 -9999.0 -9999.0 -9999.0 -9999.0 -9999.0 -9999.0 -9999.0 -9999.0 -9999.0 -9999.0
-9999.0 -9999.0 -9999.0 -9999.0 -9999.0 -9999.0 -9999.0 -9999.0 -9999.0 -9999.0 -9999.0 01.15 01.65 02.82 02.58 03.19 10.23 19.83 -9999.0 14.88 11.36 11.97 22.74 11.66 00.70 00.47 00.47 03.53 07.71 04.97 06.94 00.58 04.93 03.61 03.42 03.14 03.98 01.51 01.96 01.16 00.89 00.77 00.94 00.93 01.00 00.80 -9999.0 -9999.0 -9999.0 -9999.0 -9999.0 -9999.0 -9999.0 -9999.0 -9999.0 -9999.0 -9999.0 -9999.0 -9999.0 -9999.0 -9999.0 -9999.0 -9999.0 -9999.0 -9999.0 -9999.0 -9999.0
-9999.0 -9999.0 -9999.0 -9999.0 -9999.0 -9999.0 -9999.0 -9999.0 -9999.0 -9999.0 -9999.0 00.89 01.48 01.72 02.17 04.49 07.84 04.59 17.38 23.09 26.93 36.90 35.14 44.22 00.23 -9999.0 -9999.0 09.93 08.76 03.72 09.13 07.80 01.43 01.68 14.94 -9999.0 -9999.0 06.17 03.07 01.82 01.66 -9999.0 -9999.0 -9999.0 -9999.0 00.95 -9999.0 -9999.0 -9999.0 -9999.0 -9999.0 -9999.0 -9999.0 -9999.0 -9999.0 -9999.0 -9999.0 -9999.0 -9999.0 -9999.0 -9999.0 -9999.0 -9999.0 -9999.0 -9999.0 -9999.0 -9999.0
-9999.0 -9999.0 -9999.0 -9999.0 -9999.0 -9999.0 -9999.0 -9999.0 -9999.0 -9999.0 -9999.0 00.82 01.40 00.99 02.91 05.39 09.55 18.91 45.19 32.15 30.26 36.88 33.11 23.99 -9999.0 -9999.0 05.62 16.70 20.73 08.61 04.75 08.93 05.59 05.59 12.79 03.23 02.98 01.17 -9999.0 -9999.0 -9999.0 -9999.0 -9999.0 -9999.0 -9999.0 -9999.0 -9999.0 -9999.0 -9999.0 -9999.0 -9999.0 -9999.0 -9999.0 -9999.0 -9999.0 -9999.0 -9999.0 -9999.0 -9999.0 -9999.0 -9999.0 -9999.0 -9999.0 -9999.0 -9999.0 -9999.0 -9999.0
-9999.0 -9999.0 -9999.0 -9999.0 -9999.0 -9999.0 -9999.0 -9999.0 -9999.0 -9999.0 -9999.0 00.66 01.35 01.85 03.07 06.29 19.54 43.95 35.34 23.08 36.01 34.58 16.58 -9999.0 -9999.0 -9999.0 10.47 18.03 06.04 08.83 08.09 17.11 03.78 03.38 06.92 09.98 03.71 -9999.0 -9999.0 -9999.0 -9999.0 -9999.0 -9999.0 -9999.0 -9999.0 -9999.0 -9999.0 -9999.0 -9999.0 -9999.0 -9999.0 -9999.0 -9999.0 -9999.0 -9999.0 -9999.0 -9999.0 -9999.0 -9999.0 -9999.0 -9999.0 -9999.0 -9999.0 -9999.0 -9999.0 -9999.0 -9999.0
-9999.0 -9999.0 -9999.0 -9999.0 -9999.0 -9999.0 -9999.0 -9999.0 -9999.0 -9999.0 -9999.0 00.50 01.01 02.42 04.11 08.97 42.12 47.22 05.89 33.88 43.55 07.49 01.87 01.51 09.37 -9999.0 16.84 02.00 03.31 01.75 12.34 17.29 03.79 07.36 11.99 -9999.0 -9999.0 -9999.0 -9999.0 -9999.0 -9999.0 -9999.0 -9999.0 -9999.0 -9999.0 -9999.0 -9999.0 -9999.0 -9999.0 -9999.0 -9999.0 -9999.0 -9999.0 -9999.0 -9999.0 -9999.0 -9999.0 -9999.0 -9999.0 -9999.0 -9999.0 -9999.0 -9999.0 -9999.0 -9999.0 -9999.0 -9999.0
-9999.0 -9999.0 -9999.0 -9999.0 -9999.0 -9999.0 -9999.0 -9999.0 -9999.0 -9999.0 -9999.0 00.32 03.09 06.48 20.56 40.13 44.73 00.33 35.23 41.60 12.48 01.56 05.26 -9999.0 11.27 21.17 01.27 08.36 06.25 09.99 09.05 07.94 03.08 06.69 -9999.0 -9999.0 -9999.0 -9999.0 -9999.0 -9999.0 -9999.0 -9999.0 -9999.0 -9999.0 -9999.0 -9999.0 -9999.0 -9999.0 -9999.0 -9999.0 -9999.0 -9999.0 -9999.0 -9999.0 -9999.0 -9999.0 -9999.0 -9999.0 -9999.0 -9999.0 -9999.0 -9999.0 -9999.0 -9999.0 -9999.0 -9999.0 -9999.0
-9999.0 -9999.0 -9999.0 -9999.0 -9999.0 -9999.0 -9999.0 -9999.0 -9999.0 -9999.0 -9999.0 -9999.0 01.16 17.93 38.59 41.24 40.53 41.29 39.22 -9999.0 00.06 13.00 07.11 05.28 09.64 04.04 01.35 13.97 04.31 03.68 01.83 -9999.0 -9999.0 -9999.0 -9999.0 -9999.0 -9999.0 -9999.0 -9999.0 -9999.0 -9999.0 -9999.0 -9999.0 -9999.0 -9999.0 -9999.0 -9999.0 -9999.0 -9999.0 -9999.0 -9999.0 -9999.0 -9999.0 -9999.0 -9999.0 -9999.0 -9999.0 -9999.0 -9999.0 -9999.0 -9999.0 -9999.0 -9999.0 -9999.0 -9999.0 -9999.0 -9999.0
-9999.0 -9999.0 -9999.0 -9999.0 -9999.0 -9999.0 -9999.0 -9999.0 -9999.0 -9999.0 -9999.0 -9999.0 08.36 44.76 36.46 36.75 36.82 35.54 06.80 24.16 15.05 07.41 05.83 06.33 06.44 06.53 06.44 06.50 06.45 06.70 -9999.0 -9999.0 -9999.0 -9999.0 -9999.0 -9999.0 -9999.0 -9999.0 -9999.0 -9999.0 -9999.0 -9999.0 -9999.0 -9999.0 -9999.0 -9999.0 -9999.0 -9999.0 -9999.0 -9999.0 -9999.0 -9999.0 -9999.0 -9999.0 -9999.0 -9999.0 -9999.0 -9999.0 -9999.0 -9999.0 -9999.0 -9999.0 -9999.0 -9999.0 -9999.0 -9999.0 -9999.0
