farsite/tmp/7e2326380e0e492992c631694bab3f17_out_240_FlameLength.asc
NCOLS 250
NROWS 252
XLLCORNER -2044817.845420
YLLCORNER 2022214.475814
CELLSIZE 26.855737
NODATA_VALUE -9999.0
[rows 174 to 202 of 252, columns 67 to 133 of 250]
-9999.0 -9999.0 -9999.0 -9999.0 -9999.0 -9999.0 -9999.0 -9999.0 -9999.0 -9999.0 -9999.0 -9999.0 -9999.0 -9999.0 -9999.0 -9999.0 01.53 01.77 01.98 01.92 01.69 02.53 02.00 02.30 02.26 01.64 01.84 01.58 01.23 02.41 03.22 03.13 04.63 02.02 04.12 05.94 07.75 07.85 03.71 04.10 05.30 02.52 02.93 01.58 04.07 00.79 00.41 03.94 02.93 07.02 08.05 05.86 -9999.0 04.33 06.27 00.54 00.14 -9999.0 -9999.0 -9999.0 -9999.0 -9999.0 -9999.0 -9999.0 -9999.0 -9999.0 -9999.0
-9999.0 -9999.0 -9999.0 -9999.0 -9999.0 -9999.0 -9999.0 -9999.0 -9999.0 -9999.0 -9999.0 -9999.0 -9999.0 -9999.0 -9999.0 01.63 01.99 01.46 01.78 01.92 02.56 01.55 01.05 02.97 03.22 01.92 02.01 02.37 02.83 02.57 01.96 02.36 02.29 03.28 05.97 04.52 06.41 06.04 04.14 05.47 05.90 01.89 06.81 08.41 06.67 04.36 04.16 03.62 09.51 08.97 02.88 06.71 09.08 09.19 08.71 06.34 05.42 04.45 -9999.0 -9999.0 -9999.0 -9999.0 -9999.0 -9999.0 -9999.0 -9999.0 -9999.0
-9999.0 -9999.0 -9999.0 -9999.0 -9999.0 -9999.0 -9999.0 -9999.0 -9999.0 -9999.0 -9999.0 -9999.0 -9999.0 -9999.0 02.31 03.15 01.45 01.15 01.70 02.06 02.80 02.01 02.80 03.37 02.93 01.58 02.74 02.91 03.70 01.41 03.23 02.33 04.24 06.92 04.34 03.94 02.07 03.15 04.89 05.78 05.67 06.78 09.38 08.36 07.44 06.46 07.69 07.72 08.53 09.39 08.72 06.23 09.23 09.64 08.03 06.33 04.43 -9999.0 -9999.0 -9999.0 -9999.0 -9999.0 -9999.0 -9999.0 -9999.0 -9999.0 -9999.0
-9999.0 -9999.0 -9999.0 -9999.0 -9999.0 -9999.0 -9999.0 -9999.0 -9999.0 -9999.0 -9999.0 -9999.0 -9999.0 -9999.0 02.22 02.84 02.97 01.63 01.69 01.18 01.85 01.55 02.86 03.33 02.42 02.21 02.80 03.52 01.69 05.04 02.45 04.11 05.49 04.81 06.74 07.38 02.37 03.62 06.05 03.82 05.69 07.87 07.81 07.24 08.81 09.77 09.76 08.06 08.78 07.77 06.98 06.49 08.25 08.40 08.67 06.24 -9999.0 -9999.0 -9999.0 -9999.0 -9999.0 -9999.0 00.28 -9999.0 -9999.0 -9999.0 -9999.0
-9999.0 -9999.0 -9999.0 -9999.0 -9999.0 -9999.0 -9999.0 -9999.0 -9999.0 -9999.0 -9999.0 -9999.0 -9999.0 01.50 02.05 02.61 02.66 01.45 01.33 01.23 03.09 01.02 02.81 04.02 01.84 02.29 02.86 03.14 03.70 01.78 04.20 02.33 04.85 06.79 05.10 02.52 03.47 03.75 01.90 05.94 07.35 07.21 06.89 08.70 09.88 09.83 10.25 07.98 08.27 06.02 06.23 05.60 07.44 09.61 07.02 04.02 03.47 -9999.0 00.34 01.35 00.95 01.41 02.46 00.38 -9999.0 -9999.0 -9999.0
-9999.0 -9999.0 -9999.0 -9999.0 -9999.0 -9999.0 -9999.0 -9999.0 -9999.0 -9999.0 -9999.0 -9999.0 -9999.0 01.17 01.73 02.31 02.41 02.30 01.83 02.56 01.56 03.07 02.99 02.39 01.51 02.58 02.86 02.56 02.94 03.53 05.01 04.44 06.29 05.47 02.25 03.41 04.80 03.42 05.22 06.97 05.20 06.56 07.66 10.70 07.60 08.55 08.05 08.06 07.42 06.58 05.72 02.72 04.95 07.74 04.42 05.32 02.75 01.52 00.58 01.18 00.66 01.79 02.93 -9999.0 -9999.0 -9999.0 -9999.0
-9999.0 -9999.0 -9999.0 -9999.0 -9999.0 -9999.0 -9999.0 -9999.0 -9999.0 -9999.0 -9999.0 -9999.0 -9999.0 00.79 01.47 01.83 01.52 02.34 01.46 02.56 02.49 02.72 03.10 02.64 02.49 02.23 02.81 03.18 04.56 05.09 05.52 02.73 02.97 05.94 04.96 04.97 03.25 05.17 05.31 05.85 08.41 03.80 11.30 05.86 07.57 07.95 08.11 07.79 06.83 13.93 06.28 19.53 07.18 06.61 05.13 04.97 04.91 00.72 -9999.0 00.73 00.40 01.59 00.79 -9999.0 -9999.0 -9999.0 -9999.0
-9999.0 -9999.0 -9999.0 -9999.0 -9999.0 -9999.0 -9999.0 -9999.0 -9999.0 -9999.0 -9999.0 -9999.0 -9999.0 -9999.0 01.21 01.63 01.49 01.67 01.77 02.27 02.31 03.06 01.90 01.61 02.85 01.96 02.49 04.43 05.18 05.46 01.76 01.81 02.82 07.97 06.37 05.58 06.05 05.35 05.70 05.91 06.52 03.12 04.74 04.39 07.40 07.74 08.34 09.13 08.90 09.74 08.50 08.27 11.81 02.59 02.77 05.48 06.38 02.74 01.47 02.07 02.77 07.34 00.66 -9999.0 -9999.0 -9999.0 -9999.0
-9999.0 -9999.0 -9999.0 -9999.0 -9999.0 -9999.0 -9999.0 -9999.0 -9999.0 -9999.0 -9999.0 -9999.0 -9999.0 -9999.0 00.95 01.43 01.54 01.83 02.11 01.88 02.49 02.91 02.38 03.67 01.90 01.76 03.34 02.31 01.63 02.41 02.74 02.97 02.29 02.41 05.06 06.59 08.57 07.65 02.95 02.88 04.55 06.30 05.91 06.32 06.00 05.69 07.47 07.67 08.85 03.85 06.63 04.81 13.37 05.02 03.32 04.97 06.92 04.71 03.40 05.91 06.66 00.46 -9999.0 -9999.0 -9999.0 -9999.0 -9999.0
-9999.0 -9999.0 -9999.0 -9999.0 -9999.0 -9999.0 -9999.0 -9999.0 -9999.0 -9999.0 -9999.0 -9999.0 -9999.0 -9999.0 01.42 01.31 01.42 01.84 01.77 01.74 03.35 03.74 03.02 01.95 01.78 01.94 02.45 03.05 02.78 03.06 03.33 01.96 01.97 03.41 04.66 03.55 14.25 04.92 02.73 02.61 09.40 10.61 06.78 04.64 05.86 07.70 03.81 03.17 06.84 08.57 08.14 04.87 05.46 03.93 03.18 04.23 04.25 04.50 04.23 04.60 04.87 02.20 -9999.0 -9999.0 -9999.0 -9999.0 -9999.0
-9999.0 -9999.0 -9999.0 -9999.0 -9999.0 -9999.0 -9999.0 -9999.0 -9999.0 -9999.0 -9999.0 -9999.0 -9999.0 01.90 01.73 01.87 01.24 01.75 01.68 01.50 02.18 02.72 02.81 01.85 05.61 02.37 02.78 03.91 03.96 02.87 02.26 02.22 02.72 02.19 01.72 03.67 10.43 17.17 02.45 03.54 12.96 06.06 10.17 06.89 07.07 07.77 08.57 08.24 07.45 04.91 04.45 03.66 03.36 02.86 02.66 03.18 03.82 01.98 03.34 03.77 03.75 01.66 00.70 00.95 -9999.0 -9999.0 -9999.0
-9999.0 -9999.0 -9999.0 -9999.0 -9999.0 -9999.0 -9999.0 -9999.0 -9999.0 -9999.0 -9999.0 -9999.0 04.12 02.61 03.06 01.63 02.78 01.44 01.32 01.25 04.53 02.31 03.29 05.89 07.26 02.20 02.90 03.77 02.32 03.23 04.22 04.17 05.64 05.89 06.43 09.95 06.92 04.00 09.98 03.55 05.30 06.66 06.09 06.82 08.30 07.16 06.81 05.55 04.53 03.21 03.09 03.03 02.92 02.66 03.10 05.26 06.80 07.97 02.62 04.09 04.02 02.68 02.17 03.59 00.93 -9999.0 -9999.0
-9999.0 -9999.0 -9999.0 -9999.0 -9999.0 -9999.0 -9999.0 -9999.0 -9999.0 -9999.0 -9999.0 03.09 01.27 03.37 01.78 00.70 09.10 00.97 01.32 01.05 01.31 02.58 04.62 02.22 01.76 01.97 06.38 06.19 05.26 04.76 06.40 06.31 07.13 05.15 02.70 06.37 02.55 05.58 04.38 01.93 03.54 07.73 08.16 05.83 05.47 04.92 02.11 08.94 08.25 02.40 06.32 06.16 06.10 06.18 06.90 06.79 06.31 05.46 04.40 04.11 02.53 03.37 01.89 00.54 00.37 00.42 -9999.0
-9999.0 -9999.0 -9999.0 -9999.0 -9999.0 -9999.0 -9999.0 -9999.0 -9999.0 -9999.0 -9999.0 02.74 02.77 03.76 00.30 05.23 02.01 01.66 01.84 01.31 00.25 02.38 03.89 06.36 01.38 04.30 09.07 05.57 05.89 05.89 05.58 03.17 02.79 06.82 06.23 04.31 02.13 02.18 10.24 08.62 03.53 05.53 04.42 04.82 10.80 09.77 02.91 09.83 08.44 03.16 02.67 05.86 05.74 05.78 07.31 02.61 04.51 05.69 04.20 04.32 03.39 04.42 05.72 00.71 00.41 00.79 00.33
-9999.0 -9999.0 -9999.0 -9999.0 -9999.0 -9999.0 -9999.0 -9999.0 -9999.0 -9999.0 02.18 02.56 02.74 01.84 01.47 00.45 01.07 00.35 01.23 02.63 01.51 02.21 04.28 03.58 00.89 08.79 08.59 02.37 04.85 04.89 04.77 02.86 03.09 09.50 12.93 05.71 04.88 04.67 04.84 11.43 04.74 05.12 06.02 06.44 07.44 07.50 03.65 05.37 07.74 05.59 04.03 05.41 04.83 05.19 06.65 02.66 06.01 05.87 02.91 04.87 05.06 05.99 06.44 02.91 00.53 00.41 01.33
-9999.0 -9999.0 -9999.0 -9999.0 -9999.0 -9999.0 -9999.0 -9999.0 -9999.0 -9999.0 01.71 02.54 02.69 02.66 01.97 02.89 04.70 02.90 02.17 03.20 01.95 01.91 01.27 -9999.0 01.74 02.25 03.58 04.61 04.71 04.98 02.59 02.65 03.70 06.02 05.12 04.61 04.25 03.41 03.59 05.55 04.15 05.66 05.46 05.74 06.88 05.47 08.73 06.76 05.34 04.63 04.53 04.07 04.28 04.61 04.53 04.36 03.67 03.40 04.49 03.90 05.12 05.46 05.49 04.67 05.91 04.95 04.50
-9999.0 -9999.0 -9999.0 -9999.0 -9999.0 -9999.0 -9999.0 -9999.0 -9999.0 -9999.0 01.91 02.18 02.41 02.41 02.68 04.32 02.35 02.57 02.61 02.81 03.94 -9999.0 02.33 05.17 01.58 00.30 01.29 02.01 02.67 01.48 01.47 02.01 04.19 04.69 03.32 02.19 02.21 02.75 03.58 03.32 03.70 06.54 06.36 05.28 05.99 06.38 05.23 04.51 03.85 03.99 04.14 04.07 04.26 03.86 03.23 02.64 02.25 02.28 02.78 02.48 01.72 04.67 03.90 01.79 01.32 03.01 02.67
-9999.0 -9999.0 -9999.0 -9999.0 -9999.0 -9999.0 -9999.0 -9999.0 -9999.0 -9999.0 02.30 01.89 04.27 02.59 03.31 05.73 03.40 03.45 03.10 04.42 03.69 -9999.0 04.11 08.31 00.24 00.49 -9999.0 00.55 01.85 00.48 04.66 01.12 01.11 01.31 02.47 00.38 06.26 05.76 05.76 05.90 05.83 05.96 05.68 04.23 04.80 04.19 05.43 07.04 04.74 05.33 03.89 03.22 02.95 02.32 01.62 01.67 01.92 02.73 01.92 01.44 02.35 02.84 02.97 04.10 02.58 01.50 02.47
-9999.0 -9999.0 -9999.0 -9999.0 -9999.0 -9999.0 -9999.0 -9999.0 -9999.0 00.90 01.84 01.65 04.27 02.94 04.24 01.84 04.23 03.02 04.03 05.51 06.45 03.41 06.69 09.23 00.13 00.35 08.62 -9999.0 00.57 01.66 -9999.0 -9999.0 01.74 00.67 00.34 07.83 05.47 04.81 05.78 06.30 05.56 04.38 02.29 05.66 07.37 05.52 04.21 03.18 03.69 01.68 02.59 01.70 01.78 01.34 01.48 01.35 02.75 04.12 02.20 01.82 01.93 01.89 02.26 02.32 02.52 01.47 02.74
-9999.0 -9999.0 -9999.0 -9999.0 -9999.0 -9999.0 -9999.0 -9999.0 -9999.0 01.00 02.04 02.77 03.30 03.61 03.59 01.57 04.68 04.42 05.78 09.44 01.93 05.09 03.23 02.66 00.33 00.35 06.09 04.02 03.40 02.06 02.07 05.96 01.18 02.39 04.34 00.29 03.20 06.35 05.33 04.50 03.66 03.76 04.01 04.40 04.11 03.03 01.80 02.31 03.14 01.82 01.43 01.91 01.63 01.23 01.27 01.48 01.98 02.51 03.10 01.62 01.32 01.50 01.60 02.03 02.11 02.21 02.63
-9999.0 -9999.0 -9999.0 -9999.0 -9999.0 -9999.0 -9999.0 -9999.0 -9999.0 00.43 01.75 02.28 03.07 04.20 04.15 03.75 04.17 05.95 05.67 -9999.0 05.89 08.24 03.52 09.06 00.31 00.33 02.41 01.39 01.59 00.24 02.53 00.35 01.06 05.82 07.72 04.95 05.07 03.89 00.36 01.24 02.06 02.27 02.59 02.90 02.11 01.16 01.28 01.82 01.89 01.45 04.49 04.33 03.65 03.93 02.23 05.67 03.38 06.51 02.67 05.96 03.62 06.18 06.81 07.14 07.57 05.75 03.42
-9999.0 -9999.0 -9999.0 -9999.0 -9999.0 -9999.0 -9999.0 -9999.0 -9999.0 -9999.0 01.43 02.06 02.58 04.01 03.52 04.07 06.37 09.75 -9999.0 06.27 08.81 09.13 07.81 03.92 00.32 00.27 00.37 02.06 05.52 07.12 10.41 00.36 02.10 04.06 04.29 02.64 02.41 03.21 03.12 02.11 01.68 01.52 01.73 01.36 01.40 01.50 02.12 01.69 02.02 02.97 03.66 02.78 03.30 04.66 05.35 03.83 03.39 01.63 05.07 04.31 07.56 07.05 09.01 08.46 07.10 01.67 00.76
-9999.0 -9999.0 -9999.0 -9999.0 -9999.0 -9999.0 -9999.0 -9999.0 -9999.0 -9999.0 01.23 01.68 02.38 03.59 03.29 05.16 09.20 03.04 05.41 10.70 10.03 08.81 08.56 09.88 00.19 00.11 01.14 04.23 04.43 02.62 09.52 04.70 01.22 01.29 06.06 -9999.0 -9999.0 06.88 04.07 02.80 02.61 02.10 01.66 01.81 01.85 01.68 02.59 03.78 02.31 02.10 02.48 02.23 04.51 04.58 04.04 02.64 02.50 02.84 04.46 06.32 06.44 07.15 08.00 07.18 -9999.0 04.61 07.78
-9999.0 -9999.0 -9999.0 -9999.0 -9999.0 -9999.0 -9999.0 -9999.0 -9999.0 00.96 00.98 01.60 02.32 01.44 04.24 06.57 09.27 10.58 10.55 10.66 07.83 08.62 09.75 08.09 -9999.0 -9999.0 02.57 05.26 07.72 07.09 04.70 02.72 01.48 01.98 04.11 01.23 02.00 02.05 01.37 01.64 01.83 01.85 01.61 01.51 01.36 01.41 02.72 01.82 01.31 03.19 02.06 02.07 03.02 03.61 03.96 02.12 02.45 05.04 05.45 05.10 06.50 07.37 06.87 05.01 -9999.0 06.03 08.72
-9999.0 -9999.0 -9999.0 -9999.0 -9999.0 -9999.0 -9999.0 -9999.0 01.58 01.02 01.03 01.38 02.31 02.74 03.91 08.35 10.32 10.35 10.24 07.26 09.05 09.50 07.82 -9999.0 -9999.0 -9999.0 04.07 09.24 07.01 04.45 03.27 05.46 01.50 01.57 03.88 03.21 02.08 00.22 00.46 03.13 02.17 02.52 01.41 01.59 01.78 01.30 01.52 01.38 01.45 01.90 01.56 01.54 02.68 03.63 05.48 03.95 04.82 05.45 04.48 05.15 06.10 06.44 05.52 -9999.0 04.92 08.45 02.09
-9999.0 -9999.0 -9999.0 -9999.0 -9999.0 -9999.0 -9999.0 -9999.0 00.91 01.31 01.00 01.14 01.82 02.69 02.30 02.18 10.32 10.69 02.72 08.97 09.90 06.24 02.79 02.42 04.29 -9999.0 06.67 03.43 04.03 02.74 04.45 06.13 01.49 03.48 03.78 04.65 03.05 03.06 02.60 02.37 02.40 01.08 01.64 02.23 01.94 01.13 01.77 02.47 01.38 01.69 01.23 02.90 02.82 07.33 06.71 05.11 04.74 04.50 04.17 03.92 04.98 04.26 04.60 02.91 02.42 03.72 -9999.0
-9999.0 -9999.0 -9999.0 -9999.0 -9999.0 -9999.0 -9999.0 -9999.0 -9999.0 01.56 00.78 00.83 01.68 02.81 06.68 10.03 10.81 00.48 05.77 09.89 04.76 02.69 04.51 -9999.0 06.80 08.64 01.58 02.18 02.70 04.91 04.72 02.14 01.34 03.20 03.06 02.06 01.91 01.88 -9999.0 08.65 00.85 00.93 01.24 01.90 02.32 01.12 05.40 04.79 02.37 01.63 03.93 07.74 02.04 05.77 05.52 03.61 03.56 03.30 02.89 01.53 01.98 02.50 03.29 04.79 07.87 -9999.0 -9999.0
-9999.0 -9999.0 -9999.0 -9999.0 -9999.0 -9999.0 -9999.0 -9999.0 -9999.0 05.79 02.21 00.11 01.00 07.15 09.92 10.36 10.69 10.55 09.97 -9999.0 00.32 02.28 01.57 01.43 04.81 02.63 01.44 05.40 03.48 03.13 02.11 01.08 01.03 01.67 01.04 01.24 01.44 01.33 01.25 00.99 01.75 01.15 01.30 01.67 00.62 01.13 06.30 02.69 03.09 03.45 10.20 03.27 01.47 05.00 03.53 01.86 02.38 02.21 02.98 09.33 08.25 05.28 04.63 07.30 -9999.0 -9999.0 -9999.0
-9999.0 -9999.0 -9999.0 -9999.0 -9999.0 -9999.0 -9999.0 -9999.0 -9999.0 00.77 -9999.0 -9999.0 04.18 10.01 09.82 10.09 08.93 09.22 03.27 08.12 04.90 01.38 01.41 02.80 02.83 02.98 02.84 03.30 03.37 02.95 01.67 01.05 00.19 00.47 00.52 00.77 01.05 -9999.0 -9999.0 -9999.0 -9999.0 -9999.0 -9999.0 -9999.0 -9999.0 00.70 02.46 02.75 02.97 01.38 01.64 04.93 03.69 05.34 03.35 03.32 03.53 05.31 04.77 07.16 06.01 04.82 05.24 -9999.0 -9999.0 -9999.0 -9999.0
