farsite/tmp/7e2326380e0e492992c631694bab3f17_out_240_HeatPerUnitArea.asc
NCOLS 250
NROWS 252
XLLCORNER -2044817.845420
YLLCORNER 2022214.475814
CELLSIZE 26.855737
NODATA_VALUE -9999.0
[rows 174 to 202 of 252, columns 67 to 133 of 250]
-9999.0 -9999.0 -9999.0 -9999.0 -9999.0 -9999.0 -9999.0 -9999.0 -9999.0 -9999.0 -9999.0 -9999.0 -9999.0 -9999.0 -9999.0 -9999.0 33262.778 33358.763 32454.157 11764.242 06493.731 06032.456 06486.210 21336.711 31964.107 31839.123 33749.694 31103.861 32886.415 31981.045 39922.153 39346.687 47904.607 39310.031 36768.028 37628.396 49141.064 52315.954 38847.683 34690.405 34580.193 32324.772 35770.527 12427.881 16468.106 04190.094 07180.979 46379.025 43768.106 33730.938 34005.187 34271.461 -9999.0 70658.138 35508.665 06389.224 02381.120 -9999.0 -9999.0 -9999.0 -9999.0 -9999.0 -9999.0 -9999.0 -9999.0 -9999.0 -9999.0
-9999.0 -9999.0 -9999.0 -9999.0 -9999.0 -9999.0 -9999.0 -9999.0 -9999.0 -9999.0 -9999.0 -9999.0 -9999.0 -9999.0 -9999.0 33447.760 36586.094 34255.320 12768.533 06970.820 06489.484 05776.549 06244.716 33171.776 33215.795 33604.628 31976.042 31829.126 33247.957 31555.317 31492.208 32288.283 43825.656 33699.917 36993.391 34973.278 44874.104 39248.460 40400.918 41130.228 37487.841 35941.352 36888.040 37754.042 33283.221 26136.680 28443.050 38801.426 41659.253 37675.004 32804.906 40640.057 49123.626 41773.361 39378.620 32400.488 31794.053 15609.052 -9999.0 -9999.0 -9999.0 -9999.0 -9999.0 -9999.0 -9999.0 -9999.0 -9999.0
-9999.0 -9999.0 -9999.0 -9999.0 -9999.0 -9999.0 -9999.0 -9999.0 -9999.0 -9999.0 -9999.0 -9999.0 -9999.0 -9999.0 36084.118 36691.813 10397.751 32935.559 26554.067 07426.939 08001.193 06532.445 33924.929 33800.226 32903.289 32547.995 34552.190 33023.918 34007.067 31446.132 35751.797 31590.410 38171.514 49672.027 33665.514 32421.865 31603.716 36976.580 43069.390 46182.906 45257.099 40670.121 46299.908 40178.944 37396.403 29503.682 32853.758 32935.637 37188.816 38773.358 40516.910 32161.275 49372.792 46802.631 35364.165 33006.296 32082.042 -9999.0 -9999.0 -9999.0 -9999.0 -9999.0 -9999.0 -9999.0 -9999.0 -9999.0 -9999.0
-9999.0 -9999.0 -9999.0 -9999.0 -9999.0 -9999.0 -9999.0 -9999.0 -9999.0 -9999.0 -9999.0 -9999.0 -9999.0 -9999.0 34026.231 35478.311 37110.656 33537.942 32106.347 06044.906 06409.437 08564.292 30596.906 29747.624 27917.762 32389.043 32365.287 36965.725 32129.581 52828.379 14937.471 32398.525 43578.289 33785.004 35510.398 33185.669 32801.529 34643.710 49343.839 40331.317 35280.828 41312.714 39753.169 39125.789 39646.869 38467.755 41006.693 34138.780 36950.814 36305.797 34648.454 36322.471 46825.926 42684.257 46327.591 35861.474 -9999.0 -9999.0 -9999.0 -9999.0 -9999.0 -9999.0 02517.132 -9999.0 -9999.0 -9999.0 -9999.0
-9999.0 -9999.0 -9999.0 -9999.0 -9999.0 -9999.0 -9999.0 -9999.0 -9999.0 -9999.0 -9999.0 -9999.0 -9999.0 33552.575 34657.424 35723.192 36967.761 33441.373 32163.966 08156.682 28125.904 10742.359 10719.999 10894.285 33612.588 32307.898 33955.556 34172.408 31047.189 32078.006 31569.253 31437.993 35721.476 33616.176 14031.750 32970.075 33569.791 32898.723 33547.770 38379.521 42067.706 38803.400 38854.006 38637.512 39463.882 42243.443 42873.550 32951.524 34000.643 33068.337 38796.047 35045.367 55280.903 66247.195 79701.346 33177.555 31259.581 -9999.0 05473.326 09957.235 10894.971 06314.587 06972.082 04101.784 -9999.0 -9999.0 -9999.0
-9999.0 -9999.0 -9999.0 -9999.0 -9999.0 -9999.0 -9999.0 -9999.0 -9999.0 -9999.0 -9999.0 -9999.0 -9999.0 17335.068 33359.266 36178.299 35948.166 33188.263 32243.857 35398.428 33184.596 37097.146 34093.805 33323.810 32743.538 36972.195 33937.406 12103.432 10006.946 10793.757 29920.227 17308.078 34789.438 25236.131 34187.322 32867.449 33394.421 12269.437 33857.458 41870.237 36426.069 34173.534 31193.919 43170.142 32612.568 33456.111 32994.417 33869.327 34115.014 32902.196 32411.688 39013.522 49060.989 42410.660 27764.940 23127.838 12131.831 32654.598 05472.827 08787.200 05795.423 05826.631 14175.668 -9999.0 -9999.0 -9999.0 -9999.0
-9999.0 -9999.0 -9999.0 -9999.0 -9999.0 -9999.0 -9999.0 -9999.0 -9999.0 -9999.0 -9999.0 -9999.0 -9999.0 07036.639 32488.372 33915.017 07271.115 33286.525 32706.276 35445.941 35024.529 35461.557 35091.020 38378.347 33110.982 32715.146 35650.697 25921.657 36822.086 36888.783 36971.999 32503.088 08171.098 51227.399 42185.672 27145.875 09411.909 32241.570 33219.413 59494.199 46737.430 35673.680 48493.175 16908.544 32260.945 35843.860 37972.859 36705.895 32230.639 58230.018 109283.412 123838.094 57423.997 42809.896 55311.767 17141.627 31011.229 35636.759 -9999.0 05598.808 05794.293 13922.804 06514.607 -9999.0 -9999.0 -9999.0 -9999.0
-9999.0 -9999.0 -9999.0 -9999.0 -9999.0 -9999.0 -9999.0 -9999.0 -9999.0 -9999.0 -9999.0 -9999.0 -9999.0 -9999.0 17695.744 32916.542 10123.290 09555.834 32317.042 35910.412 33829.206 44422.824 33895.823 32399.257 32532.251 33177.536 35107.500 47130.268 49663.337 52656.389 31311.054 31362.771 49730.615 63185.995 56476.880 43744.997 38847.963 34431.935 31699.677 36843.876 36284.826 26958.104 15758.450 15781.202 29364.606 31977.829 34498.357 37762.725 35752.358 41278.489 66253.362 74690.647 79819.216 33436.931 32306.878 62359.533 51685.448 32353.059 63426.543 32018.857 37585.951 42802.592 06133.646 -9999.0 -9999.0 -9999.0 -9999.0
-9999.0 -9999.0 -9999.0 -9999.0 -9999.0 -9999.0 -9999.0 -9999.0 -9999.0 -9999.0 -9999.0 -9999.0 -9999.0 -9999.0 06289.861 32756.977 21884.575 32199.635 35305.609 32574.454 32726.488 38964.511 32524.242 35950.869 31991.488 32318.818 45822.944 33305.908 31970.375 37676.597 37985.600 34888.238 31415.448 37155.719 51432.131 52208.400 61453.697 64483.970 35649.722 32594.657 30538.687 36174.979 18952.674 19075.862 18913.274 15733.886 31608.558 33608.545 39140.148 42657.263 39377.321 61303.535 80802.918 32892.878 30997.937 52843.591 58822.252 32739.641 31421.091 51249.184 46401.288 35769.701 -9999.0 -9999.0 -9999.0 -9999.0 -9999.0
-9999.0 -9999.0 -9999.0 -9999.0 -9999.0 -9999.0 -9999.0 -9999.0 -9999.0 -9999.0 -9999.0 -9999.0 -9999.0 -9999.0 30153.545 32998.598 33030.850 34091.284 33098.565 34301.955 50581.540 48184.326 38143.534 32600.963 34897.845 32900.338 35141.946 34763.825 35693.679 50603.261 50761.759 32712.052 33227.981 49474.337 60310.798 42327.202 100300.439 68025.168 31171.189 20882.473 52239.545 47024.597 24334.113 09419.747 14118.053 31799.898 35022.397 32231.306 35526.468 33804.567 47734.205 34207.457 37536.461 31163.147 31094.327 40552.331 36044.973 36651.614 32702.661 34960.925 34858.631 34828.708 -9999.0 -9999.0 -9999.0 -9999.0 -9999.0
-9999.0 -9999.0 -9999.0 -9999.0 -9999.0 -9999.0 -9999.0 -9999.0 -9999.0 -9999.0 -9999.0 -9999.0 -9999.0 34050.527 34157.366 33544.385 34206.877 32809.188 37219.215 37349.670 35670.473 36457.836 35146.494 33365.012 38629.466 35302.809 33515.584 38509.011 32397.667 31448.460 34838.637 32939.913 32501.621 33258.755 35944.283 31597.869 58075.329 99072.195 30906.238 11183.559 63766.938 22895.786 55674.942 43903.081 38651.629 37631.597 37922.195 36773.465 35424.878 45058.329 35547.981 33531.427 31640.824 31722.643 32455.442 34912.381 36803.021 36638.569 35546.396 36267.206 32163.360 31712.511 04178.575 04758.381 -9999.0 -9999.0 -9999.0
-9999.0 -9999.0 -9999.0 -9999.0 -9999.0 -9999.0 -9999.0 -9999.0 -9999.0 -9999.0 -9999.0 -9999.0 36629.647 34222.222 35110.476 22880.702 31143.500 12499.261 31530.119 31235.322 56393.347 33515.257 36356.253 53606.794 57346.888 32838.494 34047.577 32796.696 37862.402 32085.479 38337.076 31920.279 32589.871 37745.211 40234.662 106085.142 37560.288 28417.734 74485.021 17952.401 32045.827 36972.415 32670.588 35539.471 40282.629 37298.504 36431.581 35450.310 45913.377 33016.111 31950.225 32043.557 32087.430 31804.520 37168.049 39104.102 41130.845 40809.017 32471.754 31657.389 31991.936 32684.303 30706.776 27430.028 06791.074 -9999.0 -9999.0
-9999.0 -9999.0 -9999.0 -9999.0 -9999.0 -9999.0 -9999.0 -9999.0 -9999.0 -9999.0 -9999.0 30210.453 34048.080 32160.649 38463.142 05756.824 50436.221 14031.708 31971.325 33503.504 31879.784 34726.765 45911.013 33875.703 32526.498 32422.790 61287.655 55033.259 52598.168 35317.246 33391.332 34272.144 42405.719 32626.466 34138.545 17811.673 06089.155 31949.842 16793.661 19012.851 33319.662 50228.854 44570.796 32116.592 33678.219 33320.547 32547.523 54795.415 51743.135 32082.465 36227.561 39980.505 37921.536 37313.817 40908.649 38326.864 39927.480 36295.976 34351.122 32217.247 32178.870 40458.248 24159.345 04111.823 02434.499 02505.099 -9999.0
-9999.0 -9999.0 -9999.0 -9999.0 -9999.0 -9999.0 -9999.0 -9999.0 -9999.0 -9999.0 -9999.0 35235.732 31594.175 31878.693 03828.057 77424.753 29157.697 30419.497 41980.736 32119.283 31809.731 31711.130 41616.550 46680.971 31805.897 62444.600 66704.734 31329.389 37734.951 36610.187 33833.708 34628.702 32095.690 44249.858 30651.850 13446.292 18484.128 35859.012 32877.023 23514.177 33651.432 21125.362 22102.237 20745.561 54414.469 45980.159 32364.313 67375.735 43649.637 32916.171 31702.869 44714.586 37256.499 37058.863 45716.833 34074.566 36659.512 39076.586 27885.142 30076.572 16863.263 52787.114 27102.892 04942.818 03195.712 06891.969 02527.975
-9999.0 -9999.0 -9999.0 -9999.0 -9999.0 -9999.0 -9999.0 -9999.0 -9999.0 -9999.0 35706.939 15924.907 15232.446 15209.572 30924.935 03420.606 14494.698 01938.432 33172.649 33494.187 31053.028 31565.375 38972.131 35073.107 31721.781 69546.600 50672.148 36584.008 46284.898 38011.429 33079.832 32156.821 31560.271 59207.034 124775.259 25255.239 10376.543 13821.987 12059.431 32854.251 36825.677 25380.592 35802.479 40560.249 43689.285 44885.951 40811.947 32825.713 34100.144 32385.954 31986.857 37764.930 32044.775 36350.258 48171.559 36043.982 53301.880 42211.741 19094.243 14084.157 17335.106 11583.464 12524.207 17512.163 04083.015 03639.989 04745.410
-9999.0 -9999.0 -9999.0 -9999.0 -9999.0 -9999.0 -9999.0 -9999.0 -9999.0 -9999.0 16078.330 28036.656 24711.521 33914.984 32202.651 33922.196 41457.314 35822.288 33682.395 34322.949 31907.151 31650.897 37056.590 -9999.0 31814.080 32298.232 47541.255 44534.095 38339.798 36729.284 35034.879 80331.157 49244.300 45702.444 22700.744 13465.122 08965.907 06845.117 06641.771 14137.378 24397.765 46472.228 37485.970 38528.499 42042.751 32665.201 37506.861 36475.770 33530.728 32681.031 34357.231 32597.666 34972.605 38367.443 35991.240 36063.128 33641.621 33549.960 42552.107 14816.383 11841.633 11207.041 15580.302 15661.041 20304.019 19412.216 38552.164
-9999.0 -9999.0 -9999.0 -9999.0 -9999.0 -9999.0 -9999.0 -9999.0 -9999.0 -9999.0 38249.920 36875.619 34406.004 34190.023 34302.103 35028.995 34652.839 33818.145 33454.550 30979.422 36745.912 -9999.0 35027.318 36910.123 37559.346 33642.562 33284.444 33915.171 34355.957 11263.147 07144.935 12612.625 34620.675 35077.289 22483.057 07446.246 05900.121 07681.455 13989.118 12758.114 19797.371 35666.500 39634.181 20902.097 17804.385 34402.776 34043.732 33374.301 32989.599 35705.582 35579.997 32609.640 32519.309 35735.788 33292.626 32897.808 39044.653 34191.702 11742.906 10103.332 09423.661 14517.454 11309.710 10142.287 12671.777 24104.786 31569.970
-9999.0 -9999.0 -9999.0 -9999.0 -9999.0 -9999.0 -9999.0 -9999.0 -9999.0 -9999.0 37904.093 41667.535 39984.947 34340.155 35098.387 51280.871 33713.912 33670.846 07591.872 34092.752 33396.542 -9999.0 32400.663 44254.011 01832.945 11012.876 -9999.0 33286.182 34745.997 09602.396 14192.672 06994.997 17562.798 18347.229 34368.494 05325.432 35739.016 33533.138 34841.992 35688.650 34418.534 34991.066 32232.599 21555.141 35524.113 32584.504 42559.691 47897.122 38636.642 41225.581 33164.072 34371.932 33221.606 33894.335 32929.169 33028.329 33791.947 10488.230 09594.916 09615.528 09943.151 10224.551 09967.023 12089.897 31933.411 33324.276 42094.068
-9999.0 -9999.0 -9999.0 -9999.0 -9999.0 -9999.0 -9999.0 -9999.0 -9999.0 34049.123 34646.542 34447.657 39911.390 34171.645 36431.896 33707.084 29532.415 09880.726 20519.769 25822.718 32611.422 32563.624 40312.497 52817.832 02034.670 02586.383 40564.876 -9999.0 09608.819 14475.830 -9999.0 -9999.0 26384.007 05847.777 01911.478 28724.373 35704.013 37325.208 34041.081 32661.861 33774.381 31506.750 31916.070 36584.514 51428.794 33737.445 35089.001 32267.752 38921.544 33302.824 34428.140 33969.695 34227.993 32719.288 32745.682 32794.529 18467.865 13658.099 12771.423 10234.514 09758.582 09624.781 10098.660 15556.954 22732.919 33455.290 48872.813
-9999.0 -9999.0 -9999.0 -9999.0 -9999.0 -9999.0 -9999.0 -9999.0 -9999.0 34005.357 35282.859 36997.913 35953.026 34795.516 34952.101 33668.799 17643.466 10263.919 17582.779 32281.993 32278.561 31943.624 32654.654 24862.182 01828.852 01998.658 29038.963 14686.411 14588.009 14199.561 34958.780 48214.818 07391.048 07861.135 11936.538 01927.090 27626.911 30484.226 34922.556 33956.214 32132.863 34929.413 35749.679 39342.999 35376.773 32951.343 32244.211 37918.461 51516.336 34493.849 33654.698 34791.995 34224.455 33080.894 32607.945 33352.030 34838.038 25358.358 12506.888 09604.071 09535.984 10429.462 20790.129 36884.735 34177.646 34223.168 37648.837
-9999.0 -9999.0 -9999.0 -9999.0 -9999.0 -9999.0 -9999.0 -9999.0 -9999.0 34016.269 35417.492 35886.771 38089.726 41857.298 36585.060 29310.852 12167.376 10422.383 32751.446 -9999.0 33359.479 34949.228 32909.122 45915.053 01806.256 01919.330 09545.822 10556.932 22491.386 09682.662 107818.473 01927.909 05875.813 39814.701 44979.880 16709.742 33012.443 33632.454 32943.818 32940.685 32921.671 32895.941 35486.438 35678.659 32640.580 32002.348 31821.260 35201.722 36016.368 33481.239 48057.528 34095.775 45580.190 41514.648 32865.894 38682.727 36636.941 47276.852 38596.391 41605.371 45967.912 44559.422 50836.912 45942.433 41449.762 34109.274 36219.120
-9999.0 -9999.0 -9999.0 -9999.0 -9999.0 -9999.0 -9999.0 -9999.0 -9999.0 -9999.0 33958.230 35414.534 34596.954 39327.462 35380.657 35512.591 21674.925 21192.849 -9999.0 14561.771 31772.063 31805.407 13246.889 09182.323 01808.811 01923.069 06606.115 11549.757 23211.639 52714.922 66768.091 02909.434 15847.516 31286.351 35742.326 18878.889 12931.886 52568.729 38884.238 36613.910 33751.448 33498.442 33351.029 32696.044 32436.298 31786.028 46491.080 35316.952 36236.383 51827.981 33322.243 35567.162 42613.153 49407.119 39297.841 34127.409 35830.824 33046.131 53960.321 44827.876 47936.716 39595.341 50511.321 43282.107 36477.301 33471.501 18117.946
-9999.0 -9999.0 -9999.0 -9999.0 -9999.0 -9999.0 -9999.0 -9999.0 -9999.0 -9999.0 33867.799 33926.606 34302.721 54532.486 38000.909 36023.735 49121.756 37918.704 09978.575 20907.582 16283.891 09769.401 09837.194 09682.492 01856.577 01950.740 09603.605 12067.261 14662.047 34022.083 44394.799 18022.684 16760.496 16274.388 13783.753 -9999.0 -9999.0 40366.299 36918.314 35545.255 34961.673 35569.692 34774.232 34354.796 35786.378 31587.517 42206.089 42467.800 31591.396 32900.815 34561.658 36868.515 59394.222 42633.431 37772.227 33691.056 35739.715 39346.273 44303.690 43716.928 42513.682 44713.403 46754.991 38872.282 -9999.0 38301.734 58256.747
-9999.0 -9999.0 -9999.0 -9999.0 -9999.0 -9999.0 -9999.0 -9999.0 -9999.0 39167.139 33844.042 34259.039 34797.928 34711.311 41445.625 43055.090 40807.054 25118.436 10454.611 14936.966 09987.870 09462.874 12681.787 13242.663 -9999.0 -9999.0 10139.657 09976.612 14271.055 30251.262 29566.230 06921.628 06580.072 12333.209 09002.546 07618.042 13094.584 34818.953 07261.348 18493.469 34048.732 34152.137 33577.861 33638.889 33097.756 33129.425 45319.952 32280.039 32100.340 50963.565 31732.845 33904.873 40023.940 38409.735 39025.985 34041.758 34357.027 39777.298 36957.818 37552.810 49205.329 51061.808 41821.932 38581.360 -9999.0 77668.464 71597.705
-9999.0 -9999.0 -9999.0 -9999.0 -9999.0 -9999.0 -9999.0 -9999.0 38048.517 34282.642 34137.966 33879.190 35910.167 33822.472 34764.049 52959.124 23407.248 10456.307 12785.752 11708.524 10426.374 11677.204 18203.769 -9999.0 -9999.0 -9999.0 10829.807 21486.302 42376.044 14669.073 10077.473 10295.828 09899.839 12321.271 15216.354 07944.079 11137.977 24275.907 13857.798 21482.306 14977.593 06424.338 33991.766 34286.283 32922.906 32119.310 32282.790 31776.325 34751.229 35550.242 33364.647 32986.377 41363.221 44130.538 41540.804 35933.432 36879.693 40568.067 33351.004 42448.013 51740.698 48537.950 37451.166 -9999.0 98892.032 129108.769 38983.591
-9999.0 -9999.0 -9999.0 -9999.0 -9999.0 -9999.0 -9999.0 -9999.0 32605.652 35021.894 33965.223 33679.604 33345.696 25161.629 23286.647 09426.201 10866.144 10217.236 10517.971 10937.320 09876.348 28730.983 34383.389 34383.626 13081.019 -9999.0 14118.769 43677.132 33709.215 35739.831 10504.980 12117.323 09759.660 12178.331 08442.620 10199.048 41177.613 39046.567 35463.129 14478.091 14672.875 06033.347 23320.725 37321.714 35466.096 32448.027 32179.186 33574.264 32016.846 34076.230 32049.414 52749.936 42642.628 68050.202 46589.552 38223.231 44147.112 39840.375 38940.218 37415.590 44986.108 34996.026 44473.853 44120.198 34693.669 44914.138 -9999.0
-9999.0 -9999.0 -9999.0 -9999.0 -9999.0 -9999.0 -9999.0 -9999.0 -9999.0 34126.680 32503.406 32569.114 09757.473 10008.922 11597.365 10928.993 10970.302 09786.823 05430.300 10321.808 11495.023 39075.957 25084.818 -9999.0 21711.827 16545.074 33273.479 05322.564 09789.669 15013.555 15646.205 10247.591 09639.477 11791.693 09918.314 13317.954 34561.666 37927.712 -9999.0 88721.142 22000.035 09575.757 08312.107 20527.406 34923.248 32627.275 43162.154 41214.174 31574.924 40288.400 46391.162 62912.024 38451.064 63245.010 44498.119 34584.643 42073.619 39606.004 33706.719 35519.630 33945.973 36582.389 33783.459 39525.267 50641.819 -9999.0 -9999.0
-9999.0 -9999.0 -9999.0 -9999.0 -9999.0 -9999.0 -9999.0 -9999.0 -9999.0 51869.876 53860.598 01964.427 13354.964 14718.173 11170.254 11152.600 11898.953 11447.543 11074.286 -9999.0 22796.097 03662.613 05881.584 06448.383 15094.423 14542.170 25383.418 12407.832 20775.103 20786.577 23046.358 09644.264 12988.963 09659.273 09657.572 34260.108 36825.798 38944.720 14707.441 08896.673 35282.156 35044.988 34253.355 34200.922 06814.917 32969.014 36469.315 32902.801 37053.432 42546.602 60544.464 31644.498 38090.581 56606.045 37879.601 32740.013 36146.877 35775.470 33699.359 68476.263 51208.664 34490.056 34861.779 60941.751 -9999.0 -9999.0 -9999.0
-9999.0 -9999.0 -9999.0 -9999.0 -9999.0 -9999.0 -9999.0 -9999.0 -9999.0 38084.672 -9999.0 -9999.0 14134.873 09762.529 11644.692 12031.312 09995.821 10873.206 12020.412 13210.062 09957.373 03020.594 03944.039 10225.495 10217.691 10855.911 10257.816 12719.704 13221.486 10424.220 14011.127 33991.560 05991.568 05987.820 05988.224 15813.092 34155.123 -9999.0 -9999.0 -9999.0 -9999.0 -9999.0 -9999.0 -9999.0 -9999.0 06210.064 35935.826 35808.706 33197.608 31878.971 10806.984 22252.153 17004.499 19740.718 13805.087 11655.516 52597.718 48858.507 40701.291 48275.398 41674.474 34195.522 38750.980 -9999.0 -9999.0 -9999.0 -9999.0
