farsite/tmp/7e2326380e0e492992c631694bab3f17_out_210_ArrivalTime.asc
NCOLS 250
NROWS 252
XLLCORNER -2044817.845420
YLLCORNER 2022214.475814
CELLSIZE 26.855737
NODATA_VALUE -9999.0
[rows 174 to 202 of 252, columns 67 to 133 of 250]
-9999.0 -9999.0 -9999.0 -9999.0 -9999.0 -9999.0 -9999.0 -9999.0 -9999.0 -9999.0 -9999.0 -9999.0 -9999.0 -9999.0 -9999.0 -9999.0 -9999.0 00202.397 00192.106 00182.649 00175.493 00171.424 00161.541 00154.129 00149.311 00138.344 00129.140 00125.300 00121.833 00113.745 00111.468 00105.109 00101.423 00099.795 00092.732 00090.630 00091.258 00090.016 00088.806 00083.954 00080.489 00081.172 00078.011 00071.540 00069.361 00069.394 00080.044 00071.265 00069.949 00067.690 00068.164 00070.578 -9999.0 00075.544 00075.066 00077.686 00081.214 -9999.0 -9999.0 -9999.0 -9999.0 -9999.0 -9999.0 -9999.0 -9999.0 -9999.0 -9999.0
-9999.0 -9999.0 -9999.0 -9999.0 -9999.0 -9999.0 -9999.0 -9999.0 -9999.0 -9999.0 -9999.0 -9999.0 -9999.0 -9999.0 -9999.0 -9999.0 -9999.0 00200.500 00185.115 00175.042 00169.800 00165.631 00153.551 00147.839 00142.770 00130.434 00119.931 00114.705 00110.180 00107.720 00104.034 00098.556 00093.417 00090.091 00088.357 00088.104 00087.181 00089.944 00082.424 00078.584 00077.065 00073.410 00069.314 00067.913 00067.682 00066.781 00066.076 00065.945 00065.854 00067.174 00069.238 00071.912 00072.502 00073.170 00074.497 00075.829 00077.307 00079.687 -9999.0 -9999.0 -9999.0 -9999.0 -9999.0 -9999.0 -9999.0 -9999.0 -9999.0
-9999.0 -9999.0 -9999.0 -9999.0 -9999.0 -9999.0 -9999.0 -9999.0 -9999.0 -9999.0 -9999.0 -9999.0 -9999.0 -9999.0 -9999.0 -9999.0 -9999.0 00205.479 00178.421 00168.680 00164.445 00158.519 00147.156 00141.491 00137.237 00121.529 00113.299 00107.727 00102.948 00104.680 00094.512 00090.043 00087.057 00086.368 00085.114 00084.158 00085.155 00080.674 00076.333 00074.999 00070.258 00067.422 00066.419 00066.174 00064.973 00064.280 00064.093 00064.866 00066.385 00067.877 00069.145 00070.467 00072.008 00073.619 00074.944 00076.920 00078.669 -9999.0 -9999.0 -9999.0 -9999.0 -9999.0 -9999.0 -9999.0 -9999.0 -9999.0 -9999.0
-9999.0 -9999.0 -9999.0 -9999.0 -9999.0 -9999.0 -9999.0 -9999.0 -9999.0 -9999.0 -9999.0 -9999.0 -9999.0 -9999.0 -9999.0 -9999.0 00209.050 00203.356 00176.294 00162.841 00158.671 00150.501 00140.662 00135.401 00131.383 00115.024 00107.068 00101.088 00097.138 00091.392 00089.192 00082.769 00084.147 00082.555 00081.428 00081.819 00078.752 00073.538 00072.392 00068.767 00065.532 00064.678 00064.554 00063.130 00062.700 00062.642 00064.110 00065.682 00066.861 00067.923 00069.366 00070.874 00072.516 00074.405 00076.337 00078.203 -9999.0 -9999.0 -9999.0 -9999.0 -9999.0 -9999.0 00144.613 -9999.0 -9999.0 -9999.0 -9999.0
-9999.0 -9999.0 -9999.0 -9999.0 -9999.0 -9999.0 -9999.0 -9999.0 -9999.0 -9999.0 -9999.0 -9999.0 -9999.0 -9999.0 -9999.0 00209.146 00200.535 00189.153 00173.386 00158.840 00151.705 00142.629 00134.019 00128.723 00125.909 00108.584 00100.345 00093.851 00087.626 00084.214 00079.420 00079.738 00079.474 00079.371 00080.012 00079.728 00071.659 00068.267 00066.277 00063.431 00062.851 00062.832 00061.325 00060.942 00061.856 00063.350 00064.765 00065.903 00066.854 00067.986 00069.774 00071.468 00073.876 00076.668 00079.698 00082.156 00084.155 -9999.0 -9999.0 00193.827 00163.013 00127.052 00111.744 00105.249 -9999.0 -9999.0 -9999.0
-9999.0 -9999.0 -9999.0 -9999.0 -9999.0 -9999.0 -9999.0 -9999.0 -9999.0 -9999.0 -9999.0 -9999.0 -9999.0 -9999.0 -9999.0 00202.441 00191.262 00178.015 00165.803 00152.070 00145.499 00132.932 00124.939 00122.611 00116.393 00101.527 00093.287 00086.537 00080.387 00076.575 00075.463 00076.013 00076.859 00079.966 00076.135 00070.324 00066.062 00063.479 00061.079 00060.848 00061.359 00059.417 00059.425 00061.142 00062.503 00064.115 00065.297 00066.421 00067.798 00069.061 00070.403 00073.034 00078.682 00080.851 00082.399 00084.695 00086.884 00089.563 -9999.0 00182.696 00141.215 00114.265 00101.547 -9999.0 -9999.0 -9999.0 -9999.0
-9999.0 -9999.0 -9999.0 -9999.0 -9999.0 -9999.0 -9999.0 -9999.0 -9999.0 -9999.0 -9999.0 -9999.0 -9999.0 -9999.0 -9999.0 00194.689 00183.595 00169.729 00157.749 00142.537 00133.821 00124.598 00117.137 00115.346 00103.129 00094.168 00085.462 00078.612 00073.488 00073.041 00072.805 00076.832 00079.241 00072.441 00069.160 00064.074 00061.923 00059.076 00058.687 00058.547 00056.610 00058.443 00060.387 00062.423 00063.988 00065.331 00067.067 00068.593 00069.996 00072.000 00076.816 00076.970 00078.773 00080.217 00081.443 00084.340 00085.264 00087.285 -9999.0 00182.574 00138.946 00099.676 00092.587 -9999.0 -9999.0 -9999.0 -9999.0
-9999.0 -9999.0 -9999.0 -9999.0 -9999.0 -9999.0 -9999.0 -9999.0 -9999.0 -9999.0 -9999.0 -9999.0 -9999.0 -9999.0 -9999.0 00189.819 00175.750 00161.725 00149.198 00135.883 00126.428 00114.283 00106.517 00101.045 00095.639 00086.058 00077.746 00071.488 00070.030 00072.017 00068.163 00069.134 00068.096 00067.878 00062.369 00059.017 00056.927 00056.550 00053.762 00055.440 00057.593 00059.743 00062.755 00065.372 00067.349 00068.090 00068.830 00069.551 00070.366 00071.506 00073.689 00076.230 00078.422 00076.253 00077.101 00078.256 00080.386 00082.384 00085.653 00089.989 00089.587 00089.534 00092.450 -9999.0 -9999.0 -9999.0 -9999.0
-9999.0 -9999.0 -9999.0 -9999.0 -9999.0 -9999.0 -9999.0 -9999.0 -9999.0 -9999.0 -9999.0 -9999.0 -9999.0 -9999.0 -9999.0 00187.476 00167.147 00153.290 00146.769 00130.200 00119.337 00104.938 00096.482 00092.139 00092.173 00077.767 00069.926 00064.624 00062.359 00058.059 00057.766 00058.005 00060.959 00059.146 00056.002 00054.396 00054.244 00051.445 00053.140 00057.122 00061.413 00063.138 00064.290 00065.225 00066.115 00067.444 00068.453 00069.898 00071.249 00072.713 00075.427 00073.819 00072.678 00074.452 00076.150 00078.505 00080.664 00082.415 00084.011 00086.343 00088.399 00090.957 -9999.0 -9999.0 -9999.0 -9999.0 -9999.0
-9999.0 -9999.0 -9999.0 -9999.0 -9999.0 -9999.0 -9999.0 -9999.0 -9999.0 -9999.0 -9999.0 -9999.0 -9999.0 -9999.0 00209.143 00186.301 00163.073 00146.712 00139.113 00123.668 00110.878 00097.092 00088.313 00083.945 00079.208 00070.186 00061.205 00056.676 00052.368 00051.826 00052.146 00051.866 00050.794 00049.984 00050.007 00051.669 00045.521 00048.022 00052.671 00057.985 00060.872 00062.036 00062.933 00064.204 00065.159 00065.949 00068.730 00068.663 00067.897 00067.795 00069.695 00071.332 00073.088 00075.187 00077.122 00079.980 00082.823 00085.297 00086.918 00088.217 00089.437 00091.845 -9999.0 -9999.0 -9999.0 -9999.0 -9999.0
-9999.0 -9999.0 -9999.0 -9999.0 -9999.0 -9999.0 -9999.0 -9999.0 -9999.0 -9999.0 -9999.0 -9999.0 -9999.0 -9999.0 00203.687 00179.695 00160.253 00139.736 00130.123 00111.816 00097.895 00087.106 00079.104 00075.836 00070.654 00063.422 00054.769 00049.159 00046.065 00048.650 00045.672 00043.635 00041.551 00042.651 00043.944 00042.420 00045.978 00049.051 00056.091 00057.897 00060.002 00063.114 00064.712 00064.869 00064.763 00064.929 00065.192 00066.534 00068.390 00071.602 00074.922 00077.509 00079.993 00082.502 00083.134 00085.525 00088.405 00092.321 00097.229 00093.860 00093.651 00097.992 00111.509 00115.206 -9999.0 -9999.0 -9999.0
-9999.0 -9999.0 -9999.0 -9999.0 -9999.0 -9999.0 -9999.0 -9999.0 -9999.0 -9999.0 -9999.0 -9999.0 -9999.0 00208.988 00197.861 00172.324 00159.872 00132.410 00116.229 00096.708 00088.133 00079.414 00071.818 00068.221 00067.869 00056.196 00047.738 00043.050 00041.646 00040.767 00038.798 00037.576 00037.435 00038.386 00039.910 00044.064 00046.736 00050.781 00052.673 00057.398 00059.513 00060.791 00061.660 00062.346 00062.919 00065.093 00067.107 00069.396 00074.340 00078.084 00081.083 00083.412 00085.886 00088.348 00090.968 00093.970 00095.511 00096.808 00099.449 00103.098 00104.735 00104.648 00109.678 00114.067 00119.937 -9999.0 -9999.0
-9999.0 -9999.0 -9999.0 -9999.0 -9999.0 -9999.0 -9999.0 -9999.0 -9999.0 -9999.0 -9999.0 -9999.0 -9999.0 00198.044 00187.926 00162.890 00151.949 00129.666 00103.239 00081.984 00089.997 00072.063 00065.330 00062.533 00061.980 00048.091 00040.699 00038.039 00036.958 00035.093 00034.542 00036.164 00037.772 00040.440 00044.430 00047.332 00048.542 00050.075 00052.010 00057.027 00059.551 00061.074 00062.653 00064.017 00065.843 00068.702 00072.928 00078.143 00080.976 00084.525 00088.359 00089.249 00089.898 00090.864 00092.717 00094.325 00096.540 00099.222 00102.234 00104.871 00107.549 00111.085 00115.812 00121.399 00149.885 00160.287 -9999.0
-9999.0 -9999.0 -9999.0 -9999.0 -9999.0 -9999.0 -9999.0 -9999.0 -9999.0 -9999.0 -9999.0 -9999.0 00202.085 00184.963 00172.592 00149.000 00155.356 00117.065 00092.679 00070.181 00101.600 00064.279 00057.739 00055.388 00052.909 00040.423 00033.766 00030.743 00032.479 00034.267 00035.786 00037.264 00040.952 00044.235 00046.251 00048.256 00052.545 00059.864 00063.526 00064.149 00064.973 00067.102 00068.957 00071.179 00072.234 00073.380 00076.395 00080.386 00081.774 00082.574 00085.807 00087.472 00089.565 00091.490 00093.274 00096.610 00101.025 00104.075 00106.641 00109.764 00113.835 00117.894 00121.627 00127.072 00135.575 00163.226 00171.594
-9999.0 -9999.0 -9999.0 -9999.0 -9999.0 -9999.0 -9999.0 -9999.0 -9999.0 -9999.0 -9999.0 00208.185 00188.566 00168.202 00146.821 00134.741 00112.866 00116.220 00079.457 00060.492 00060.731 00053.900 00051.203 00054.632 00043.686 00031.195 00030.338 00033.348 00035.640 00037.159 00038.836 00040.814 00044.477 00047.450 00054.744 00056.599 00058.450 00060.640 00062.213 00062.952 00064.352 00066.881 00068.636 00070.595 00073.070 00075.167 00077.542 00080.752 00081.062 00083.021 00085.658 00088.396 00090.283 00093.022 00095.836 00099.669 00104.377 00106.308 00108.667 00113.468 00118.583 00123.105 00126.231 00131.194 00149.793 00146.836 00144.628
-9999.0 -9999.0 -9999.0 -9999.0 -9999.0 -9999.0 -9999.0 -9999.0 -9999.0 -9999.0 -9999.0 00193.687 00173.454 00152.855 00129.514 00112.280 00102.847 00086.970 00065.899 00053.105 00046.892 00047.224 00051.844 -9999.0 00028.479 00027.110 00036.029 00039.476 00041.409 00043.031 00044.985 00052.473 00054.378 00055.032 00055.870 00056.851 00057.922 00061.121 00062.808 00064.265 00066.260 00068.800 00070.845 00072.746 00075.376 00077.929 00078.411 00080.710 00083.023 00085.464 00088.744 00091.476 00093.959 00096.536 00100.032 00103.381 00106.941 00110.482 00114.135 00119.160 00124.279 00127.925 00131.854 00136.319 00140.840 00145.657 00149.230
-9999.0 -9999.0 -9999.0 -9999.0 -9999.0 -9999.0 -9999.0 -9999.0 -9999.0 -9999.0 00199.399 00178.728 00156.993 00139.507 00115.308 00101.181 00091.046 00073.903 00056.397 00045.525 00037.921 -9999.0 00034.464 00024.189 00022.396 00063.493 00052.169 00050.466 00050.421 00052.161 00058.097 00063.591 00065.199 00066.040 00066.129 00064.218 00064.383 00064.825 00065.881 00067.785 00070.056 00071.270 00073.191 00075.276 00076.403 00078.736 00080.916 00083.895 00087.088 00090.304 00093.917 00097.134 00099.421 00102.683 00106.051 00110.577 00116.366 00121.870 00127.478 00128.837 00129.527 00132.873 00137.070 00142.170 00149.270 00153.603 00157.342
-9999.0 -9999.0 -9999.0 -9999.0 -9999.0 -9999.0 -9999.0 -9999.0 -9999.0 -9999.0 00185.888 00164.365 00143.168 00125.021 00104.817 00093.318 00076.767 00062.172 00046.906 00037.190 00032.412 -9999.0 00022.891 00019.438 00037.340 00113.717 -9999.0 00086.644 00067.406 00078.734 00086.711 00086.368 00089.605 00088.636 00081.610 00083.967 00066.871 00066.841 00067.731 00069.517 00071.109 00072.150 00073.145 00077.105 00080.373 00083.462 00087.069 00088.269 00091.272 00094.463 00097.991 00102.040 00105.532 00109.388 00114.975 00121.520 00129.740 00139.768 00144.123 00144.228 00142.833 00145.264 00149.234 00155.004 00159.988 00169.085 00179.267
-9999.0 -9999.0 -9999.0 -9999.0 -9999.0 -9999.0 -9999.0 -9999.0 -9999.0 -9999.0 00172.551 00148.774 00131.733 00111.527 00093.383 00085.050 00064.632 00049.087 00037.390 00031.217 00027.999 00022.104 00017.732 00018.622 00063.359 00063.988 00065.922 -9999.0 00094.713 00085.681 -9999.0 -9999.0 00088.113 00077.913 00082.125 00065.230 00066.019 00068.626 00068.875 00069.584 00071.696 00073.467 00076.783 00082.080 00083.804 00085.022 00087.882 00091.248 00095.600 00102.732 00111.543 00116.031 00119.015 00128.020 00134.240 00135.392 00144.629 00153.995 00161.865 00160.533 00160.739 00161.574 00166.721 00172.011 00176.817 00184.792 00193.279
-9999.0 -9999.0 -9999.0 -9999.0 -9999.0 -9999.0 -9999.0 -9999.0 -9999.0 00192.699 00161.364 00135.464 00118.931 00098.673 00083.387 00065.245 00050.861 00038.125 00030.033 00025.922 00025.080 00015.492 00014.830 00016.591 00034.649 00063.537 00087.402 00088.286 00084.762 00081.497 00096.101 00086.376 00072.747 00066.656 00063.219 00066.202 00067.083 00067.904 00070.453 00073.094 00075.528 00077.723 00080.047 00083.140 00085.718 00088.648 00092.805 00098.069 00104.762 00112.912 00126.039 00138.469 00139.032 00150.783 00156.754 00157.758 00161.344 00166.382 00174.742 00182.761 00182.775 00182.282 00187.031 00191.728 00195.736 00199.298 00203.480
-9999.0 -9999.0 -9999.0 -9999.0 -9999.0 -9999.0 -9999.0 -9999.0 -9999.0 00193.739 00150.943 00123.037 00105.610 00086.430 00071.813 00052.695 00039.694 00029.903 00024.907 -9999.0 00013.952 00011.985 00012.792 00014.701 00027.596 00068.050 00086.268 00086.605 00072.798 00142.283 00083.321 00067.097 00064.830 00060.608 00061.286 00065.034 00068.936 00072.631 00085.814 00084.494 00084.875 00086.101 00087.606 00089.386 00092.517 00110.430 00109.669 00112.005 00116.535 00126.014 00140.519 00145.701 00150.354 00157.559 00167.325 00170.488 00172.601 00176.852 00186.827 00195.697 00201.625 00204.011 00205.453 00207.424 00209.075 -9999.0 -9999.0
-9999.0 -9999.0 -9999.0 -9999.0 -9999.0 -9999.0 -9999.0 -9999.0 -9999.0 -9999.0 00140.851 00111.519 00092.352 00074.554 00059.792 00040.572 00029.118 00022.312 -9999.0 00012.916 00010.626 00010.790 00012.916 00015.269 00028.103 00073.876 00094.951 00078.085 00061.531 00057.694 00056.687 00062.270 00056.431 00061.092 00066.647 00073.284 00079.478 00086.847 00093.769 00102.204 00106.083 00101.662 00100.526 00103.773 00107.770 00114.174 00127.277 00126.527 00132.210 00138.811 00144.207 00148.444 00156.442 00162.464 00168.139 00172.001 00176.155 00185.554 00192.975 00198.893 00202.281 00204.181 00206.333 00208.489 -9999.0 -9999.0 -9999.0
-9999.0 -9999.0 -9999.0 -9999.0 -9999.0 -9999.0 -9999.0 -9999.0 -9999.0 -9999.0 00136.371 00101.451 00080.118 00062.790 00043.615 00029.491 00020.098 00015.415 00011.924 00009.486 00009.810 00012.104 00014.912 00014.161 00042.042 00156.446 00142.435 00060.058 00055.048 00052.792 00051.310 00053.299 00061.506 00072.787 00078.993 -9999.0 -9999.0 00101.605 00106.031 00112.271 00119.133 00125.305 00123.535 00124.849 00127.025 00115.954 00129.014 00134.104 00139.106 00144.668 00149.653 00155.335 00163.400 00168.214 00172.807 00177.636 00183.622 00190.741 00198.415 00200.507 00202.930 00205.590 00208.092 -9999.0 -9999.0 -9999.0 -9999.0
-9999.0 -9999.0 -9999.0 -9999.0 -9999.0 -9999.0 -9999.0 -9999.0 -9999.0 00194.626 00129.950 00092.785 00068.366 00050.105 00031.392 00019.939 00013.810 00010.842 00008.381 00008.541 00012.293 00013.617 00013.430 00016.529 -9999.0 -9999.0 00062.761 00053.706 00050.380 00050.207 00053.840 00063.568 00072.701 00079.409 00088.410 00097.051 00101.917 00109.552 00120.415 00129.133 00135.535 00140.395 00143.417 00142.753 00143.350 00139.062 00133.122 00139.898 00146.129 00151.974 00156.188 00162.034 00168.544 00174.612 00179.570 00185.056 00192.252 00196.549 00198.800 00201.797 00204.765 00207.886 -9999.0 -9999.0 -9999.0 -9999.0 -9999.0
-9999.0 -9999.0 -9999.0 -9999.0 -9999.0 -9999.0 -9999.0 -9999.0 -9999.0 00179.423 00126.056 00084.842 00054.929 00034.906 00020.322 00012.715 00009.467 00007.306 00007.496 00012.609 00012.437 00012.483 00015.458 -9999.0 -9999.0 -9999.0 00053.835 00048.454 00049.548 00056.841 00066.844 00082.339 00089.852 00094.864 00102.130 00110.929 00119.770 00168.067 00157.694 00150.176 00157.372 00164.572 00163.918 00163.038 00160.574 00163.425 00152.306 00145.694 00148.949 00155.522 00161.606 00168.431 00175.613 00181.687 00188.987 00191.784 00194.780 00197.739 00201.036 00204.326 00207.691 -9999.0 -9999.0 -9999.0 -9999.0 -9999.0 -9999.0
-9999.0 -9999.0 -9999.0 -9999.0 -9999.0 -9999.0 -9999.0 -9999.0 00202.693 00173.875 00128.077 00079.770 00042.415 00023.663 00012.209 00007.633 00006.077 00006.243 00015.991 00010.948 00011.612 00014.650 00020.973 00028.243 00043.699 -9999.0 00046.033 00050.945 00061.111 00070.520 00083.411 00093.618 00100.005 00106.926 00115.602 00123.698 00132.497 00142.128 00153.284 00161.914 00169.991 00176.671 00181.940 00185.108 00183.356 00186.224 00169.172 00163.369 00162.684 00163.261 00166.399 00174.458 00183.486 00187.509 00190.471 00193.347 00196.950 00200.744 00204.566 00208.480 -9999.0 -9999.0 -9999.0 -9999.0 -9999.0 -9999.0 -9999.0
-9999.0 -9999.0 -9999.0 -9999.0 -9999.0 -9999.0 -9999.0 -9999.0 -9999.0 00165.816 00138.407 00077.821 00031.344 00013.682 00006.810 00004.751 00005.329 00020.959 00009.232 00010.796 00015.981 00025.936 00032.641 -9999.0 00039.441 00044.210 00052.765 00064.234 00073.283 00083.829 00094.985 00104.455 00110.702 00119.299 00129.233 00140.875 00152.801 00163.761 -9999.0 -9999.0 00201.748 00198.156 00197.500 00200.306 00203.011 00189.924 00175.795 00174.766 00175.787 00177.904 00175.838 00178.733 00184.260 00189.175 00192.664 00196.360 00200.787 00205.949 -9999.0 -9999.0 -9999.0 -9999.0 -9999.0 -9999.0 -9999.0 -9999.0 -9999.0
-9999.0 -9999.0 -9999.0 -9999.0 -9999.0 -9999.0 -9999.0 -9999.0 -9999.0 00148.761 00152.704 -9999.0 00020.397 00005.579 00003.256 00004.381 00006.248 00008.106 00009.993 -9999.0 00062.256 00030.552 00034.223 00039.069 00045.425 00055.604 00065.909 00077.687 00084.632 00096.467 00107.803 00120.688 00129.696 00144.701 00154.560 00166.432 00182.296 00199.835 -9999.0 -9999.0 -9999.0 -9999.0 -9999.0 -9999.0 -9999.0 00183.536 00180.459 00182.103 00188.032 00192.085 00179.811 00181.087 00185.656 00192.162 00195.848 00201.237 00208.157 -9999.0 -9999.0 -9999.0 -9999.0 -9999.0 -9999.0 -9999.0 -9999.0 -9999.0 -9999.0
-9999.0 -9999.0 -9999.0 -9999.0 -9999.0 -9999.0 -9999.0 -9999.0 -9999.0 00144.205 -9999.0 -9999.0 00002.364 00001.787 00003.391 00005.285 00007.136 00009.038 00014.755 00021.599 00031.155 00039.020 00046.764 00055.001 00063.226 00072.858 00082.828 00092.186 00101.715 00113.874 00127.528 00148.232 00205.935 00198.557 00203.025 -9999.0 -9999.0 -9999.0 -9999.0 -9999.0 -9999.0 -9999.0 -9999.0 -9999.0 -9999.0 00205.997 00189.557 00194.223 00196.970 00202.337 00185.847 00187.933 00192.583 00197.304 00202.554 00208.670 -9999.0 -9999.0 -9999.0 -9999.0 -9999.0 -9999.0 -9999.0 -9999.0 -9999.0 -9999.0 -9999.0
