farsite/tmp/7e2326380e0e492992c631694bab3f17_out_210_Intensity.asc
NCOLS 250
NROWS 252
XLLCORNER -2044817.845420
YLLCORNER 2022214.475814
CELLSIZE 26.855737
NODATA_VALUE -9999.0
[rows 174 to 202 of 252, columns 67 to 133 of 250]
-9999.0 -9999.0 -9999.0 -9999.0 -9999.0 -9999.0 -9999.0 -9999.0 -9999.0 -9999.0 -9999.0 -9999.0 -9999.0 -9999.0 -9999.0 -9999.0 -9999.0 00543.624 00642.189 00609.710 00809.489 00923.695 00652.313 00803.294 00783.423 00484.728 00575.529 00457.596 00405.390 00857.745 01330.493 01271.263 02290.989 01191.645 01922.841 03326.769 04962.119 05056.539 01646.291 01907.632 02803.716 01936.566 01152.682 00458.686 01885.688 00160.352 00037.611 01797.754 02695.305 04280.063 05250.630 03258.969 -9999.0 02070.004 03613.388 00090.756 00003.452 -9999.0 -9999.0 -9999.0 -9999.0 -9999.0 -9999.0 -9999.0 -9999.0 -9999.0 -9999.0
-9999.0 -9999.0 -9999.0 -9999.0 -9999.0 -9999.0 -9999.0 -9999.0 -9999.0 -9999.0 -9999.0 -9999.0 -9999.0 -9999.0 -9999.0 -9999.0 -9999.0 00407.047 00545.531 00612.920 00940.074 00442.134 00288.329 01175.284 01328.639 00611.569 00656.962 00840.236 01092.573 00948.486 00633.132 00833.829 01566.707 01364.494 03353.990 02207.902 03733.969 03412.999 01939.584 02939.564 03296.787 01039.653 04087.546 05611.706 03957.858 02090.199 01953.710 04269.466 06747.962 06181.409 02595.773 03999.506 06294.205 06405.032 05907.181 03674.948 02900.966 02161.217 -9999.0 -9999.0 -9999.0 -9999.0 -9999.0 -9999.0 -9999.0 -9999.0 -9999.0
-9999.0 -9999.0 -9999.0 -9999.0 -9999.0 -9999.0 -9999.0 -9999.0 -9999.0 -9999.0 -9999.0 -9999.0 -9999.0 -9999.0 -9999.0 -9999.0 -9999.0 00283.506 00509.504 00681.920 01078.629 00654.610 01075.207 01420.775 01156.306 00698.779 01042.905 01143.491 01636.639 00551.147 01333.444 00818.305 02007.852 04183.087 02082.222 01799.951 01265.899 01284.220 02487.710 03197.090 03102.375 04063.612 06610.523 05556.102 04669.588 03776.018 04901.984 04933.741 05726.248 06620.567 05924.292 03572.989 06443.700 06879.036 05232.417 03661.730 02142.100 -9999.0 -9999.0 -9999.0 -9999.0 -9999.0 -9999.0 -9999.0 -9999.0 -9999.0 -9999.0
-9999.0 -9999.0 -9999.0 -9999.0 -9999.0 -9999.0 -9999.0 -9999.0 -9999.0 -9999.0 -9999.0 -9999.0 -9999.0 -9999.0 -9999.0 -9999.0 01177.230 00749.590 00505.596 00372.278 00576.840 00445.879 01110.902 01400.020 00865.383 00755.192 01077.982 01515.588 00814.423 02601.386 00881.203 01917.579 02961.624 02429.452 04023.854 04611.129 00837.227 01580.913 03422.497 01717.190 03119.154 05078.231 05019.932 04481.816 06010.731 07026.191 07007.325 05257.352 05981.869 04982.185 04239.741 03805.366 05453.515 05594.832 05874.432 03585.386 -9999.0 -9999.0 -9999.0 -9999.0 -9999.0 -9999.0 00016.721 -9999.0 -9999.0 -9999.0 -9999.0
-9999.0 -9999.0 -9999.0 -9999.0 -9999.0 -9999.0 -9999.0 -9999.0 -9999.0 -9999.0 -9999.0 -9999.0 -9999.0 -9999.0 -9999.0 00971.192 00996.856 00586.293 00484.804 00407.238 01247.553 00270.475 01080.452 01851.164 00573.183 00794.950 01109.895 01277.790 01637.040 00911.294 01981.390 01638.965 02453.479 04067.936 02648.086 00917.935 01485.828 01667.487 01044.611 03326.995 04579.673 04449.696 04155.958 05896.947 07137.378 07090.919 07544.956 05186.805 05465.252 03398.979 03577.269 03045.754 04663.563 06852.961 04273.340 01855.315 01487.497 -9999.0 -9999.0 00359.152 00212.730 00387.037 00886.157 00054.329 -9999.0 -9999.0 -9999.0
-9999.0 -9999.0 -9999.0 -9999.0 -9999.0 -9999.0 -9999.0 -9999.0 -9999.0 -9999.0 -9999.0 -9999.0 -9999.0 -9999.0 -9999.0 00807.174 00861.720 00801.711 00568.264 00941.463 00679.912 01236.975 01189.127 01725.298 00639.698 00953.918 01112.896 00940.195 01160.633 01525.742 02575.297 02151.730 03623.709 02944.632 01521.401 01449.961 02415.885 01454.560 02744.975 04227.437 02725.100 03861.733 04874.003 08043.522 04814.491 05746.489 05249.828 05266.757 04647.324 03879.867 03143.046 01030.254 02531.003 04949.943 02137.037 02819.689 02335.799 00431.804 -9999.0 00294.846 00122.352 00549.204 01153.724 -9999.0 -9999.0 -9999.0 -9999.0
-9999.0 -9999.0 -9999.0 -9999.0 -9999.0 -9999.0 -9999.0 -9999.0 -9999.0 -9999.0 -9999.0 -9999.0 -9999.0 -9999.0 -9999.0 00568.622 00430.048 00821.143 00594.278 00939.368 00902.425 01031.644 01254.899 02151.608 00903.313 00767.207 01085.377 01301.941 02238.995 02639.371 02981.872 02301.449 01176.835 03328.889 02537.970 02551.006 01349.879 02701.393 02814.394 03255.028 05604.793 04728.678 08738.343 03261.589 04786.945 05150.502 05310.049 04995.869 04105.586 11952.569 03615.511 19852.023 04423.694 03907.781 02668.691 02545.381 02503.060 00141.585 -9999.0 00142.448 00057.472 00462.742 00161.073 -9999.0 -9999.0 -9999.0 -9999.0
-9999.0 -9999.0 -9999.0 -9999.0 -9999.0 -9999.0 -9999.0 -9999.0 -9999.0 -9999.0 -9999.0 -9999.0 -9999.0 -9999.0 -9999.0 00477.522 00418.673 00494.223 00540.364 00787.290 00807.926 01233.962 01050.731 00729.839 01108.964 00630.180 00901.022 02145.079 02712.486 02936.320 00886.870 00948.777 02482.134 05177.007 03694.355 03030.441 03421.679 02844.268 03130.822 03301.492 03826.237 03072.038 02373.480 02116.144 04628.619 04952.310 05536.120 06348.305 06107.973 06993.032 05696.827 05466.978 09331.690 00960.530 01061.216 02947.243 03702.493 01042.054 00411.156 01257.354 02381.163 04572.859 00123.310 -9999.0 -9999.0 -9999.0 -9999.0
-9999.0 -9999.0 -9999.0 -9999.0 -9999.0 -9999.0 -9999.0 -9999.0 -9999.0 -9999.0 -9999.0 -9999.0 -9999.0 -9999.0 -9999.0 00394.477 00440.768 00567.687 00703.807 00593.184 00901.326 01140.556 00844.349 01615.757 00601.033 00534.918 01403.600 00806.644 00748.519 00860.164 01045.203 01178.428 01566.533 00858.268 02617.692 03893.610 05771.898 04869.979 02730.242 02592.349 02228.930 03638.618 03304.524 03657.489 03383.346 03117.425 04699.764 04889.492 06058.062 04869.219 03922.831 02424.140 11237.947 02586.987 01390.362 02551.556 04182.131 02353.723 01439.719 03306.588 03952.550 00070.647 -9999.0 -9999.0 -9999.0 -9999.0 -9999.0
-9999.0 -9999.0 -9999.0 -9999.0 -9999.0 -9999.0 -9999.0 -9999.0 -9999.0 -9999.0 -9999.0 -9999.0 -9999.0 -9999.0 00389.165 00345.872 00390.289 00575.558 00540.939 00527.492 01412.920 01664.236 01204.907 01112.377 00905.708 00622.079 00880.063 01227.859 01064.544 01229.814 01394.531 00633.275 00636.543 01451.241 02312.650 01537.319 12367.537 08311.610 02314.518 02089.824 06628.086 07942.162 04056.190 02297.595 03261.005 04916.090 04758.913 01296.488 04113.656 05766.903 05339.969 02473.687 02937.076 01788.676 01305.530 01998.417 02017.909 02196.367 01999.547 02269.402 02468.785 00749.758 -9999.0 -9999.0 -9999.0 -9999.0 -9999.0
-9999.0 -9999.0 -9999.0 -9999.0 -9999.0 -9999.0 -9999.0 -9999.0 -9999.0 -9999.0 -9999.0 -9999.0 -9999.0 -9999.0 00523.520 00588.534 00317.418 00531.071 00498.588 00628.055 00742.652 01030.159 01080.616 00994.165 03051.917 00839.174 01068.725 01778.728 01809.237 01118.073 00781.463 00760.367 01032.919 00747.479 00520.311 01619.523 07743.199 16355.879 01819.823 01534.250 10729.049 03432.141 07453.402 04162.141 04323.417 04981.103 05773.403 05439.182 04677.582 02501.411 02160.163 01610.288 01415.826 01114.298 00999.496 01302.216 01714.176 01144.276 01406.033 01682.212 01667.895 00779.873 00118.502 00211.557 -9999.0 -9999.0 -9999.0
-9999.0 -9999.0 -9999.0 -9999.0 -9999.0 -9999.0 -9999.0 -9999.0 -9999.0 -9999.0 -9999.0 -9999.0 -9999.0 00969.008 01228.161 00480.003 01066.892 00399.177 00348.453 00320.213 02215.848 00806.496 01374.798 03290.804 04494.761 00750.066 01138.169 01681.021 01620.916 01333.100 01990.212 01957.876 03078.282 03283.865 03753.232 07218.767 04184.061 01836.943 07249.161 01540.390 02806.268 03952.821 03459.551 04097.304 05497.230 04401.425 04083.855 03009.246 02213.958 01323.386 01249.673 01212.297 01147.135 00999.702 01257.439 02777.741 04078.466 05170.004 02114.711 01902.096 01853.665 01011.570 01402.543 01566.408 00205.262 -9999.0 -9999.0
-9999.0 -9999.0 -9999.0 -9999.0 -9999.0 -9999.0 -9999.0 -9999.0 -9999.0 -9999.0 -9999.0 -9999.0 -9999.0 01423.856 00910.716 00118.385 06317.845 00218.714 00478.253 00246.471 00343.975 00955.475 02286.637 01470.770 00885.590 00634.785 03708.645 03541.082 02775.072 02389.779 03720.513 03648.473 04374.719 02685.755 01020.846 03701.147 01987.805 03030.286 02107.485 00618.314 01533.257 04941.148 05364.208 03235.411 02945.710 02513.229 01318.172 06147.067 05448.299 01746.020 03653.906 03516.695 03461.192 03536.441 04168.624 04068.908 03644.599 02934.162 02121.213 01917.863 00923.189 01424.589 00597.698 00068.170 00029.784 00040.095 -9999.0
-9999.0 -9999.0 -9999.0 -9999.0 -9999.0 -9999.0 -9999.0 -9999.0 -9999.0 -9999.0 -9999.0 -9999.0 01059.362 01673.642 00018.311 02752.444 00656.983 00494.055 00575.372 00346.522 00028.899 00842.060 01763.341 03690.662 00371.415 02047.500 06285.105 03022.113 03289.236 03286.515 03032.641 03188.214 02422.720 04097.847 03575.369 02061.152 01349.153 00741.674 07535.821 05822.960 04034.987 02989.655 02140.308 02436.390 08158.989 07019.535 02645.331 07084.596 05637.183 03161.068 02188.081 03263.212 03166.038 03194.790 04540.442 02095.396 02204.727 03123.205 01978.757 02064.515 01435.935 02139.335 03143.274 00123.549 00036.422 00161.776 00022.598
-9999.0 -9999.0 -9999.0 -9999.0 -9999.0 -9999.0 -9999.0 -9999.0 -9999.0 -9999.0 -9999.0 00940.030 01045.719 00575.621 00409.965 00069.957 00252.996 00026.922 00409.883 00981.773 00637.784 00756.790 02035.370 01560.481 00192.731 05990.075 05791.049 00838.017 02454.670 02489.499 02395.632 02548.772 03023.834 06738.803 10692.940 03138.892 02480.543 02323.262 02445.127 08881.620 07657.879 02660.970 03395.710 03754.856 04663.639 04721.924 04331.456 02858.951 04952.370 03038.187 01857.507 02890.754 02443.445 02719.489 03943.070 02179.657 03385.435 03271.358 01143.536 02475.223 02613.967 03372.229 03756.227 02648.058 00064.407 00036.480 00352.934
-9999.0 -9999.0 -9999.0 -9999.0 -9999.0 -9999.0 -9999.0 -9999.0 -9999.0 -9999.0 -9999.0 00930.396 01013.059 00999.919 00635.230 01127.265 02346.870 01136.405 00737.006 01313.857 01111.438 01058.134 00329.809 -9999.0 00527.190 01517.034 01559.796 02279.779 02351.888 02555.744 00959.216 00991.436 01639.544 03394.237 02660.777 02279.257 02018.046 01449.696 01564.453 03008.797 01942.628 03093.491 02932.017 03158.752 04149.045 02942.938 05935.979 04043.378 02834.831 02289.314 02220.565 01891.426 02033.276 02278.562 02213.780 02096.879 01615.674 01442.564 02189.607 01769.083 02663.714 02934.208 02954.882 02323.344 03302.818 02533.011 02197.783
-9999.0 -9999.0 -9999.0 -9999.0 -9999.0 -9999.0 -9999.0 -9999.0 -9999.0 -9999.0 00607.492 00739.357 00859.448 00858.546 01010.685 02061.291 00829.714 00946.147 00972.080 01083.870 01800.704 -9999.0 00819.894 02701.976 00455.962 00019.196 00338.015 00656.225 01005.368 00414.151 00410.451 00653.084 01975.476 02336.990 01390.865 00745.737 00753.489 01050.267 01554.981 01394.156 01633.470 03846.051 03689.125 02787.269 03370.749 03710.211 02747.529 02199.957 01735.280 01833.354 01936.644 01886.547 02021.399 01743.477 01334.613 00987.630 00776.647 00791.491 01064.168 00896.891 00844.171 02323.069 01770.176 00550.190 00348.271 01199.642 01005.364
-9999.0 -9999.0 -9999.0 -9999.0 -9999.0 -9999.0 -9999.0 -9999.0 -9999.0 -9999.0 00800.588 01031.050 02032.442 00957.034 01387.490 03155.983 01443.088 01474.978 01254.587 02134.716 01627.273 -9999.0 01915.387 05508.032 00011.183 00054.813 -9999.0 00094.224 00580.381 00077.464 02313.382 00272.490 00323.484 00346.639 00892.936 00052.986 03605.631 03178.479 03182.884 03291.987 03234.622 03349.462 03116.980 02004.063 02421.745 01972.650 02905.905 04298.278 02374.782 02832.673 01761.360 01330.831 01163.336 00813.457 00474.322 00496.696 00614.125 01038.627 00612.470 00574.955 00825.823 01099.079 01177.287 01906.715 00954.002 00631.478 00894.292
-9999.0 -9999.0 -9999.0 -9999.0 -9999.0 -9999.0 -9999.0 -9999.0 -9999.0 -9999.0 00576.220 00488.507 02031.441 01160.666 02004.344 00972.687 01997.716 01206.954 01858.172 02977.335 03767.195 01445.102 03976.528 06448.588 00003.218 00025.977 05817.141 -9999.0 00075.118 00783.303 -9999.0 -9999.0 00527.509 00107.487 00025.591 05034.131 02940.625 02426.714 03192.538 03633.168 03016.453 02106.446 01578.022 03093.855 04597.826 02980.679 01985.352 01301.109 01627.208 00797.709 00958.063 00508.947 00545.603 00487.063 00415.912 00359.885 01047.634 01919.944 00750.193 00564.468 00618.701 00598.829 00781.578 00810.525 00921.467 00597.336 01042.270
-9999.0 -9999.0 -9999.0 -9999.0 -9999.0 -9999.0 -9999.0 -9999.0 -9999.0 00228.906 00669.968 01058.207 01376.943 01578.895 01565.078 00687.960 02326.838 02136.355 03191.860 06671.735 00618.135 02643.403 03322.171 00995.556 00023.963 00027.204 03456.153 05361.221 01444.494 00679.524 00684.716 03348.000 00371.017 00848.281 02076.518 00018.244 01318.548 03682.527 02825.925 02195.320 01607.062 01679.323 01846.091 02123.062 01914.033 01212.027 00554.593 00804.829 01281.062 00949.458 00563.244 00605.248 00477.695 00403.866 00327.860 00413.316 00641.921 00914.753 01255.017 00472.913 00348.201 00423.751 00466.269 00665.908 00702.910 00753.839 00978.907
-9999.0 -9999.0 -9999.0 -9999.0 -9999.0 -9999.0 -9999.0 -9999.0 -9999.0 00064.912 00531.155 00790.204 01234.555 01976.542 01945.619 01671.992 01960.952 03338.019 03107.697 -9999.0 03287.122 05441.204 04002.588 06274.769 00020.995 00022.886 01765.840 00532.855 00462.599 00027.683 00926.117 00026.079 00296.513 03226.391 04928.871 02533.297 02627.852 01763.468 00027.941 00318.526 00678.753 00787.063 00960.179 01134.428 00705.574 00356.121 00332.502 00566.284 00595.424 00582.904 02190.488 02073.232 01602.630 01788.300 01484.753 03103.918 01431.789 03819.144 01003.150 03349.094 01586.749 03529.126 04084.643 04391.499 04788.351 -9999.0 -9999.0
-9999.0 -9999.0 -9999.0 -9999.0 -9999.0 -9999.0 -9999.0 -9999.0 -9999.0 -9999.0 00392.510 00679.195 00950.697 01849.125 01521.167 01890.266 03694.635 07003.861 -9999.0 03610.732 06014.512 06345.353 05020.050 01784.270 00021.203 00015.082 00051.422 00679.584 02983.591 04370.780 07726.533 00028.226 01303.273 01880.851 02040.263 00986.791 00858.818 01320.635 01270.393 00705.293 00502.252 00430.880 00523.967 00507.040 00542.577 00422.720 00708.488 00505.987 00660.257 01174.467 01608.149 01063.830 01381.331 02316.802 02846.390 01725.413 01436.468 00748.335 02622.060 02058.185 04776.458 04307.279 06221.673 05662.183 -9999.0 -9999.0 -9999.0
-9999.0 -9999.0 -9999.0 -9999.0 -9999.0 -9999.0 -9999.0 -9999.0 -9999.0 -9999.0 00313.400 00500.537 00845.488 01561.144 01374.719 02697.950 06418.126 02903.553 02890.964 08044.260 07307.801 06008.961 05761.624 07136.681 00007.235 00002.122 00279.997 01998.095 02140.995 02109.235 06753.463 02342.252 00398.991 00454.942 03433.097 -9999.0 -9999.0 04149.198 01888.005 01079.167 00970.022 00699.347 00491.446 00559.702 00580.552 00499.257 00959.564 01692.837 00808.251 00697.817 00899.522 00764.705 02200.376 02254.526 01866.850 00985.393 00910.545 01102.154 02165.698 03650.390 03754.322 04395.635 05201.101 -9999.0 -9999.0 -9999.0 -9999.0
-9999.0 -9999.0 -9999.0 -9999.0 -9999.0 -9999.0 -9999.0 -9999.0 -9999.0 00217.729 00248.153 00466.208 00811.101 00570.002 02007.459 03870.151 06494.256 07915.609 07874.837 08004.594 05037.105 05817.228 06997.508 05295.714 -9999.0 -9999.0 00949.356 02776.979 04929.982 04341.075 02339.778 01030.295 00612.734 01148.275 01918.827 00410.242 00651.180 00676.535 00368.550 00484.614 00569.951 00577.863 00467.694 00426.839 00364.150 00386.688 01030.143 00954.093 00345.259 01312.254 00679.347 00684.709 01208.466 01575.849 01809.986 00709.488 00883.449 02601.687 02929.292 02651.140 03806.673 04597.770 -9999.0 -9999.0 -9999.0 -9999.0 -9999.0
-9999.0 -9999.0 -9999.0 -9999.0 -9999.0 -9999.0 -9999.0 -9999.0 -9999.0 00270.290 00238.842 00373.336 00808.880 01040.972 01778.219 05553.052 07621.182 07658.830 07530.225 04503.138 06257.424 06730.825 05028.805 -9999.0 -9999.0 -9999.0 01890.155 06455.656 04268.773 02159.240 01358.817 02936.419 00623.226 00694.913 01754.806 01320.913 00688.755 00009.619 00047.511 01275.859 00733.368 00921.562 00383.223 00459.488 00544.077 00456.832 00430.357 00372.109 00399.470 00603.968 00450.100 00439.923 01007.139 01592.137 02946.163 01807.569 02436.859 02924.840 02182.426 02683.824 03467.514 -9999.0 -9999.0 -9999.0 -9999.0 -9999.0 -9999.0
-9999.0 -9999.0 -9999.0 -9999.0 -9999.0 -9999.0 -9999.0 -9999.0 00210.188 00344.555 00231.310 00280.324 00562.514 01013.516 01594.935 01408.915 07627.196 08041.298 01032.003 06176.231 07167.900 03588.876 01070.534 00866.529 02042.676 -9999.0 03962.525 01459.160 01858.099 01042.681 02160.902 03492.135 00616.090 01494.431 01686.877 02303.655 01226.963 01228.438 00966.447 00840.912 00853.180 00308.133 00481.456 00764.541 00621.700 00337.212 00543.002 00891.717 00374.331 00504.837 00312.936 01132.771 01087.740 04564.552 03997.125 02653.787 02375.504 02193.948 01956.688 01785.620 -9999.0 -9999.0 -9999.0 -9999.0 -9999.0 -9999.0 -9999.0
-9999.0 -9999.0 -9999.0 -9999.0 -9999.0 -9999.0 -9999.0 -9999.0 -9999.0 00447.279 00159.073 00171.539 00502.593 01080.552 03973.100 07310.242 08178.770 00053.344 03188.591 07156.717 02391.585 01014.905 02201.098 -9999.0 04076.860 05838.382 00701.934 00741.833 01019.300 02500.865 02360.867 01355.576 00494.593 01314.313 01229.659 00681.731 00609.215 00594.411 -9999.0 -9999.0 00183.685 00223.653 00319.251 00600.737 00814.089 00330.259 02884.544 02412.250 00839.581 00748.500 01795.026 04952.735 00669.004 03187.505 02983.671 01574.378 01546.584 01381.581 -9999.0 -9999.0 -9999.0 -9999.0 -9999.0 -9999.0 -9999.0 -9999.0 -9999.0
-9999.0 -9999.0 -9999.0 -9999.0 -9999.0 -9999.0 -9999.0 -9999.0 -9999.0 03207.114 00753.398 -9999.0 00257.886 04397.909 07185.123 07665.442 08036.786 07877.480 07238.052 -9999.0 00022.028 00793.435 00697.029 00567.749 02424.248 00979.585 00570.590 02888.732 01491.059 01275.633 00703.879 00307.858 00274.294 00496.824 00281.261 00317.975 00396.057 00354.672 -9999.0 -9999.0 -9999.0 -9999.0 -9999.0 -9999.0 -9999.0 00335.759 03632.589 01015.899 01250.030 01473.474 07491.221 01359.014 00409.329 02570.754 01526.663 00581.646 00841.893 -9999.0 -9999.0 -9999.0 -9999.0 -9999.0 -9999.0 -9999.0 -9999.0 -9999.0 -9999.0
-9999.0 -9999.0 -9999.0 -9999.0 -9999.0 -9999.0 -9999.0 -9999.0 -9999.0 00153.913 -9999.0 -9999.0 01968.793 07282.117 07076.284 07368.318 06134.677 06441.407 01361.463 05319.581 02497.166 00373.246 00383.002 01079.084 01097.047 01181.932 01101.836 01377.421 01421.552 01163.483 00496.550 00248.058 00006.925 00051.261 00062.178 -9999.0 -9999.0 -9999.0 -9999.0 -9999.0 -9999.0 -9999.0 -9999.0 -9999.0 -9999.0 00121.317 00887.412 01050.696 01176.839 00373.015 00481.123 02518.505 01631.133 02839.627 01409.223 01388.551 -9999.0 -9999.0 -9999.0 -9999.0 -9999.0 -9999.0 -9999.0 -9999.0 -9999.0 -9999.0 -9999.0
