Forest_LCP_Outputs/canopy_cover.asc
ncols        250
nrows        253
xllcorner    -2044817.845419629943
yllcorner    2022214.475814298494
cellsize     26.855736874859
NODATA_value 0
[rows 190 to 208 of 253, columns 172 to 214 of 250]
1.6132929325103759766 1.4012984643248170709e-45 0.066050089895725250244 0.031777549535036087036 1.4012984643248170709e-45 1.0646226406097412109 1.3068363666534423828 1.2656826972961425781 2.1143860816955566406 2.3285546302795410156 1.4192104339599609375 2.3668470382690429688 4.0903806686401367188 2.6236078739166259766 3.2505168914794921875 1.5963940620422363281 0.27069523930549621582 0.0024761133827269077301 1.4012984643248170709e-45 1.4012984643248170709e-45 1.4012984643248170709e-45 1.4012984643248170709e-45 0.068452924489974975586 1.4012984643248170709e-45 1.4012984643248170709e-45 1.4012984643248170709e-45 0.44205555319786071777 0.88990920782089233398 1.440901637077331543 1.7821947336196899414 2.0916435718536376953 0.55953145027160644531 1.7448879480361938477 1.7989308834075927734 1.0016548633575439453 2.3962759971618652344 3.2090396881103515625 1.4499309062957763672 1.0674041509628295898 1.2059421539306640625 1.9145359992980957031 1.1307951211929321289 0
1.2188482284545898438 0.18768136203289031982 0.46809974312782287598 1.729021906852722168 0.69459122419357299805 2.0091466903686523438 0.97450172901153564453 3.3038613796234130859 1.5125249624252319336 1.8322970867156982422 2.3234121799468994141 1.9971916675567626953 3.3259363174438476562 3.4228191375732421875 2.8982739448547363281 2.2370007038116455078 0.60147243738174438477 2.4101803302764892578 1.0535731315612792969 0.72939914464950561523 0.44793355464935302734 1.4012984643248170709e-45 1.4012984643248170709e-45 1.4012984643248170709e-45 1.4012984643248170709e-45 1.4012984643248170709e-45 3.0906991958618164062 2.7066259384155273438 0.9449710845947265625 2.6373798847198486328 3.0059370994567871094 2.8621706962585449219 1.4134093523025512695 0.80497652292251586914 1.7915955781936645508 2.7849884033203125 2.6637504100799560547 1.7380472421646118164 1.4643557071685791016 1.5177048444747924805 3.4363219738006591797 1.2679963111877441406 0
1.3761041164398193359 0.25718915462493896484 0.43894681334495544434 0.73145180940628051758 0.76183420419692993164 2.5691649913787841797 1.8942129611968994141 2.8799593448638916016 1.8252700567245483398 1.5697686672210693359 3.8393118381500244141 1.8976356983184814453 3.1211771965026855469 2.9423656463623046875 1.9041728973388671875 0.72201597690582275391 0.78929960727691650391 1.3513884544372558594 1.1605319976806640625 1.9761327505111694336 2.4934737682342529297 2.1861863136291503906 1.2721861600875854492 0.90378928184509277344 0.82084006071090698242 0.0078524379059672355652 1.6153522729873657227 2.809902191162109375 1.6037186384201049805 3.1084110736846923828 2.1176054477691650391 1.9392179250717163086 2.4777972698211669922 1.1085621118545532227 0.76830255985260009766 1.8024394512176513672 1.5385403633117675781 1.8807895183563232422 2.3985660076141357422 1.5029158592224121094 2.1992809772491455078 2.1343390941619873047 0
1.2398346662521362305 0.34585207700729370117 0.086177498102188110352 0.10647751390933990479 1.0004135370254516602 2.1441607475280761719 1.263918757438659668 2.3654494285583496094 1.8387215137481689453 2.5393764972686767578 5.0161142349243164062 1.7317775487899780273 2.1282315254211425781 2.6859009265899658203 1.2731419801712036133 2.0559794902801513672 1.35492706298828125 1.2952437400817871094 1.021208643913269043 2.9877636432647705078 1.6738045215606689453 2.6221892833709716797 3.4173076152801513672 2.8169627189636230469 4.7505612373352050781 1.9305058717727661133 2.4084758758544921875 2.4743647575378417969 0.73026871681213378906 2.1658139228820800781 2.8681941032409667969 2.1933374404907226562 3.8513724803924560547 2.6750113964080810547 0.92835646867752075195 3.2598254680633544922 1.2431547641754150391 2.5894603729248046875 1.0351819992065429688 3.1403701305389404297 5.3585786819458007812 0 0
1.3002934455871582031 1.2844262123107910156 0.4168561100959777832 0.5709254145622253418 0.74005985260009765625 2.1727204322814941406 3.8930795192718505859 2.6887595653533935547 2.772312164306640625 2.4476268291473388672 1.8653274774551391602 1.3528621196746826172 1.2858562469482421875 1.8461840152740478516 1.1079910993576049805 2.3294179439544677734 2.131610870361328125 2.023517608642578125 2.1008238792419433594 2.687473297119140625 0.78308451175689697266 2.4709563255310058594 4.216060638427734375 3.6751782894134521484 3.3999555110931396484 1.9275170564651489258 3.1190195083618164062 2.5004973411560058594 1.6002086400985717773 4.572399139404296875 2.8907742500305175781 2.0590310096740722656 1.4078183174133300781 3.0233466625213623047 2.5555822849273681641 2.6171143054962158203 1.6934301853179931641 2.5017142295837402344 2.3866517543792724609 3.6251039505004882812 5.8672275543212890625 0 0
1.8002051115036010742 0.49785733222961425781 0.65681046247482299805 1.3914809226989746094 2.5860533714294433594 2.7102732658386230469 2.8793654441833496094 3.3642416000366210938 3.7830650806427001953 1.4843560457229614258 1.8398702144622802734 1.4967416524887084961 1.2884317636489868164 2.4490745067596435547 1.4546856880187988281 3.12353515625 1.9498615264892578125 1.2280557155609130859 0.67089641094207763672 1.2026892900466918945 1.4183862209320068359 2.3078873157501220703 2.1462156772613525391 1.3410030603408813477 1.1009222269058227539 1.9605200290679931641 0.89257001876831054688 1.9213112592697143555 0.96760576963424682617 3.5313508510589599609 2.7673611640930175781 1.7852066755294799805 5.6379060745239257812 4.0313210487365722656 1.2434575557708740234 2.2544922828674316406 1.7847683429718017578 0.93650001287460327148 2.8135607242584228516 1.7288036346435546875 0.87249040603637695312 0 0
0.52004516124725341797 0.0079558575525879859924 0.39829578995704650879 4.0223298072814941406 1.9507148265838623047 4.0896468162536621094 2.2497570514678955078 3.5574848651885986328 2.60439300537109375 0.99476730823516845703 1.6620239019393920898 2.1608226299285888672 2.9318373203277587891 2.9553232192993164062 2.6649789810180664062 2.0492179393768310547 1.2815166711807250977 1.6046245098114013672 1.4030994176864624023 2.3704488277435302734 2.9861524105072021484 1.5109497308731079102 0.64238369464874267578 1.6139571666717529297 1.9477207660675048828 2.3933355808258056641 0.85067373514175415039 1.913483738899230957 2.1813287734985351562 3.0683953762054443359 4.3877325057983398438 2.3459970951080322266 2.2715842723846435547 1.5269124507904052734 0.57877343893051147461 1.3376883268356323242 2.4214692115783691406 0.96590006351470947266 1.8617779016494750977 1.4729944467544555664 1.6260004043579101562 0 0
0.45084145665168762207 0.62881386280059814453 0.33746564388275146484 0.91870206594467163086 1.8407664299011230469 3.9712371826171875 1.8855293989181518555 0.78469502925872802734 4.86054229736328125 0.75869542360305786133 2.2072274684906005859 1.0805966854095458984 1.5814849138259887695 2.4542717933654785156 1.724875330924987793 1.7548216581344604492 1.8608609437942504883 1.369479060173034668 0.96022462844848632812 3.1841959953308105469 3.2503969669342041016 4.3448281288146972656 1.062144160270690918 1.9664235115051269531 3.2647809982299804688 3.0427873134613037109 0.53139334917068481445 1.7825790643692016602 2.6391391754150390625 2.7471103668212890625 2.666843414306640625 2.4133195877075195312 3.4641051292419433594 2.0554223060607910156 0.71860802173614501953 0.91457802057266235352 1.8454351425170898438 1.5518262386322021484 2.485118865966796875 2.8066453933715820312 0 0 0
1.6195828914642333984 1.240535736083984375 0.18983310461044311523 0.9277960658073425293 0.96234208345413208008 2.7354094982147216797 2.0397114753723144531 4.511829376220703125 2.8976256847381591797 1.3351299762725830078 1.8479247093200683594 0.55673253536224365234 0.83755338191986083984 2.0581767559051513672 1.8265273571014404297 0.75085932016372680664 2.2858293056488037109 2.4414663314819335938 0.77696597576141357422 1.8091053962707519531 1.5342038869857788086 1.8410593271255493164 2.6335148811340332031 2.7919383049011230469 1.9225972890853881836 0.59492641687393188477 0.72009706497192382812 1.3294640779495239258 2.0403277873992919922 1.3424576520919799805 1.4008703231811523438 4.6208319664001464844 4.3443670272827148438 2.0539343357086181641 0.63921684026718139648 0.83518457412719726562 3.4281239509582519531 2.1329846382141113281 4.2830209732055664062 1.7725352048873901367 0 0 0
1.3399560451507568359 1.3166821002960205078 0.10763788223266601562 0.58802515268325805664 1.893263697624206543 3.1714680194854736328 3.5739724636077880859 2.1081078052520751953 1.4836293458938598633 1.1528660058975219727 0.87836289405822753906 1.1176728010177612305 1.2775291204452514648 2.4302542209625244141 2.3416371345520019531 1.6585232019424438477 2.596118927001953125 1.8292523622512817383 1.5475327968597412109 2.5802524089813232422 2.7376732826232910156 2.6713211536407470703 2.9438698291778564453 3.0618033409118652344 3.5656533241271972656 1.3936496973037719727 2.1147465705871582031 0.84842002391815185547 0.87759238481521606445 1.1764510869979858398 1.3671050071716308594 3.4556324481964111328 2.1649918556213378906 0.77584230899810791016 0.76470720767974853516 0.77040654420852661133 5.5847048759460449219 2.6408207416534423828 1.6629072427749633789 2.6127290725708007812 0 0 0
3.0790104866027832031 0.82671046257019042969 0.39759808778762817383 0.68765807151794433594 2.9008016586303710938 1.87297821044921875 1.1251363754272460938 0.96320039033889770508 1.1123173236846923828 1.458823084831237793 0.73528218269348144531 0.7648213505744934082 1.6257151365280151367 1.7201207876205444336 0.82219290733337402344 1.6894323825836181641 2.3082003593444824219 2.4596195220947265625 2.1586077213287353516 2.5544230937957763672 3.6631145477294921875 2.5978701114654541016 1.476807713508605957 2.6444375514984130859 2.093624114990234375 2.3525240421295166016 2.1491181850433349609 1.9141041040420532227 1.5719810724258422852 1.3671342134475708008 1.4464641809463500977 1.4880810976028442383 0.76516008377075195312 2.5059249401092529297 2.9197287559509277344 2.0796389579772949219 4.0986371040344238281 1.8845490217208862305 2.7537906169891357422 0 0 0 0
2.8469767570495605469 1.9971026182174682617 0.7794755101203918457 1.4012984643248170709e-45 0.55528718233108520508 1.8096915483474731445 0.92617833614349365234 0.31129631400108337402 1.5487896203994750977 0.94968742132186889648 2.3134624958038330078 0.6812661290168762207 2.3814566135406494141 4.0578532218933105469 2.5405399799346923828 2.3648760318756103516 3.3391509056091308594 2.8677151203155517578 3.5084879398345947266 2.7386708259582519531 2.5748946666717529297 2.3890240192413330078 2.7422232627868652344 2.7953503131866455078 2.4962377548217773438 1.476271510124206543 1.944964289665222168 4.6568074226379394531 3.0712091922760009766 1.5389741659164428711 1.8170236349105834961 0.97393250465393066406 0.85136991739273071289 1.4271186590194702148 2.1091685295104980469 1.9081194400787353516 1.1201319694519042969 1.8511301279067993164 2.5024216175079345703 0 0 0 0
1.9197958707809448242 2.5059387683868408203 0.90142786502838134766 0.067477025091648101807 0.13167215883731842041 2.6992199420928955078 1.6856902837753295898 1.5224806070327758789 2.4980700016021728516 2.2813913822174072266 1.8959348201751708984 1.023169398307800293 2.3754384517669677734 1.7710697650909423828 1.2793534994125366211 1.8128964900970458984 2.9833102226257324219 0.58973062038421630859 1.2897992134094238281 1.7783112525939941406 1.5056288242340087891 2.9328992366790771484 2.1804795265197753906 2.6423387527465820312 1.6804845333099365234 1.2158670425415039062 0.90444409847259521484 1.1769477128982543945 1.6956348419189453125 1.945384979248046875 1.7857992649078369141 2.7621674537658691406 2.6511545181274414062 2.0757579803466796875 0.87480866909027099609 1.0511481761932373047 1.8110821247100830078 2.6671631336212158203 2.3670220375061035156 0 0 0 0
0.89488989114761352539 1.966725468635559082 1.6662771701812744141 1.1841062307357788086 0.22110457718372344971 1.7180750370025634766 2.9048435688018798828 2.170940399169921875 2.8347976207733154297 1.9757082462310791016 1.4630002975463867188 1.4730116128921508789 1.2525428533554077148 4.1109414100646972656 1.4938459396362304688 0.88236987590789794922 0.94288396835327148438 1.3759586811065673828 1.7884322404861450195 1.3949426412582397461 1.1691342592239379883 4.9629979133605957031 3.0978426933288574219 2.2405693531036376953 1.1127320528030395508 2.3110606670379638672 1.6378576755523681641 3.0019199848175048828 1.5007674694061279297 1.9980779886245727539 1.2879775762557983398 2.5971486568450927734 2.0718960762023925781 2.5061137676239013672 0.70564407110214233398 0.64517748355865478516 1.7485632896423339844 1.8519116640090942383 1.8226133584976196289 0 0 0 0
1.8662478923797607422 1.3363490104675292969 1.8475201129913330078 0.56080359220504760742 1.4012984643248170709e-45 0.42721572518348693848 1.9003776311874389648 0.9128844141960144043 2.04331207275390625 1.631117701530456543 1.1971623897552490234 1.0279773473739624023 2.0459151268005371094 2.4078972339630126953 1.958301544189453125 1.7918883562088012695 1.3212472200393676758 2.5904600620269775391 2.3253660202026367188 1.419797062873840332 2.2940173149108886719 2.3376469612121582031 1.5170462131500244141 1.5510127544403076172 1.3706860542297363281 0.90552496910095214844 1.3746175765991210938 2.9095554351806640625 1.8920793533325195312 1.9907637834548950195 2.1530339717864990234 1.6043176651000976562 1.2068068981170654297 2.5129947662353515625 0.98465055227279663086 1.9559253454208374023 1.4941841363906860352 1.4728361368179321289 0 0 0 0 0
4.1177501678466796875 3.7603814601898193359 1.9406561851501464844 1.5773741006851196289 0.24712470173835754395 0.55043572187423706055 0.24169562757015228271 0.61474788188934326172 2.1100637912750244141 2.1157879829406738281 0.8237145543098449707 2.65740203857421875 2.7707312107086181641 0.87099707126617431641 2.286914825439453125 2.7117757797241210938 2.4497952461242675781 3.7020204067230224609 3.4634890556335449219 0.67832612991333007812 0.85929429531097412109 1.1436254978179931641 1.0696108341217041016 1.0320144891738891602 1.918417811393737793 4.0328273773193359375 1.6239922046661376953 3.1386106014251708984 1.5213836431503295898 1.9028744697570800781 1.0457880496978759766 1.1864565610885620117 2.3935794830322265625 2.0233130455017089844 0.83343195915222167969 1.9121773242950439453 2.4432728290557861328 1.3932044506072998047 0 0 0 0 0
2.4797036647796630859 1.5730850696563720703 0.54454368352890014648 2.4472520351409912109 0.29900202155113220215 4.2993540763854980469 0.52078497409820556641 2.0112240314483642578 2.0224764347076416016 2.3036286830902099609 2.9164929389953613281 3.6697745323181152344 2.5329709053039550781 1.4001241922378540039 3.4861161708831787109 0.90501868724822998047 1.8399690389633178711 3.5673401355743408203 4.0689911842346191406 2.5104324817657470703 2.0783133506774902344 2.8476254940032958984 1.5984686613082885742 1.1777026653289794922 2.5075864791870117188 3.1551377773284912109 1.6511068344116210938 2.1597795486450195312 2.9893014430999755859 0.97517579793930053711 1.1815593242645263672 2.1786248683929443359 2.7213811874389648438 2.1519386768341064453 1.013950347900390625 2.3529257774353027344 2.5524044036865234375 0.88232260942459106445 0 0 0 0 0
0.85512763261795043945 2.0158243179321289062 0.60222131013870239258 0.59035068750381469727 0.0017501467373222112656 1.2354803085327148438 1.2492538690567016602 1.6079962253570556641 0.91655147075653076172 2.3506884574890136719 2.5528562068939208984 2.6322226524353027344 2.8270139694213867188 2.2061464786529541016 2.0392138957977294922 1.5288332700729370117 1.5038970708847045898 1.5812249183654785156 1.2858974933624267578 3.572307586669921875 2.8238742351531982422 3.6927080154418945312 2.8454158306121826172 1.421122431755065918 2.5151038169860839844 2.3410046100616455078 2.6339156627655029297 1.938115239143371582 1.4212552309036254883 1.0224210023880004883 1.5370585918426513672 2.4689524173736572266 1.7424523830413818359 2.6444501876831054688 1.8064008951187133789 1.7310123443603515625 1.4319344758987426758 1.4831061363220214844 0 0 0 0 0
1.2823566198348999023 1.515716552734375 1.0392436981201171875 0.50876528024673461914 0.2338380664587020874 1.9002548456192016602 1.6081756353378295898 0.58713907003402709961 0.58204311132431030273 1.8038165569305419922 1.7903321981430053711 2.4672474861145019531 3.1851398944854736328 1.9250872135162353516 1.2812861204147338867 1.3526283502578735352 1.7617284059524536133 0.88757306337356567383 1.3285861015319824219 3.5404584407806396484 1.9493758678436279297 1.0552041530609130859 2.6075255870819091797 1.2718660831451416016 1.9201169013977050781 1.9834299087524414062 2.5411541461944580078 2.8409917354583740234 3.7693908214569091797 1.3809705972671508789 0.80247914791107177734 1.8812139034271240234 4.1950712203979492188 2.7216370105743408203 2.7391307353973388672 0.83466345071792602539 1.0016473531723022461 0 0 0 0 0 0
