Forest_LCP_Outputs/canopy_cover.asc
ncols        250
nrows        253
xllcorner    -2044817.845419629943
yllcorner    2022214.475814298494
cellsize     26.855736874859
NODATA_value 0
[rows 57 to 75 of 253, columns 43 to 85 of 250]
4.6968016624450683594 2.8518495559692382812 2.3712036609649658203 3.4062039852142333984 2.6590192317962646484 2.1795501708984375 2.4610280990600585938 1.616955876350402832 1.3808686733245849609 1.9165880680084228516 1.4949525594711303711 1.5970127582550048828 3.1177675724029541016 2.2865881919860839844 2.7088482379913330078 1.380405426025390625 1.1872382164001464844 2.0800967216491699219 2.2038896083831787109 1.1454454660415649414 2.0664348602294921875 1.5095881223678588867 1.6748888492584228516 1.2267589569091796875 1.1254335641860961914 1.0216403007507324219 2.6831157207489013672 3.1926128864288330078 2.2169616222381591797 1.3840881586074829102 1.2126313447952270508 2.1385052204132080078 2.2711496353149414062 2.2314352989196777344 1.6190341711044311523 2.6956777572631835938 2.6966273784637451172 1.6182657480239868164 1.4319652318954467773 1.2362028360366821289 4.355060577392578125 1.5798740386962890625 3.5377635955810546875
2.1152794361114501953 2.6113977432250976562 2.0821220874786376953 2.8128392696380615234 2.7878506183624267578 3.1992182731628417969 0.92154091596603393555 1.1482471227645874023 1.747632145881652832 1.7138220071792602539 1.6795202493667602539 1.59717559814453125 1.8251605033874511719 1.3698220252990722656 2.6758482456207275391 1.2039809226989746094 0.76861727237701416016 1.3736941814422607422 1.0490121841430664062 0.55777007341384887695 2.2887563705444335938 1.5486940145492553711 1.7600991725921630859 1.7103102207183837891 2.0094106197357177734 1.1332051753997802734 1.559706568717956543 1.8346401453018188477 3.6070282459259033203 1.2962000370025634766 1.9645346403121948242 1.1395144462585449219 1.8457176685333251953 1.5915484428405761719 1.232501983642578125 5.9408550262451171875 2.9457848072052001953 2.2175376415252685547 2.6727342605590820312 0.91394084692001342773 2.4924340248107910156 1.9482827186584472656 1.8320727348327636719
1.5768865346908569336 2.1466841697692871094 1.3345067501068115234 1.4683383703231811523 2.9391939640045166016 2.4075038433074951172 0.64207363128662109375 2.0961520671844482422 2.9916758537292480469 2.0121912956237792969 1.3146425485610961914 3.0868210792541503906 2.6753211021423339844 1.386820673942565918 2.7641732692718505859 0.64924192428588867188 0.31587019562721252441 1.0984647274017333984 1.4533331394195556641 1.5480127334594726562 1.8369735479354858398 1.9768137931823730469 3.0664541721343994141 2.4378695487976074219 1.1804640293121337891 1.6932256221771240234 1.5551770925521850586 0.80246698856353759766 1.899756312370300293 2.3931796550750732422 1.9139292240142822266 0.66419017314910888672 1.1499340534210205078 2.0829949378967285156 1.4444255828857421875 6.4134860038757324219 0.49821478128433227539 2.6196033954620361328 1.4767967462539672852 2.5249869823455810547 2.1210906505584716797 2.4819748401641845703 1.4697438478469848633
2.4023566246032714844 1.4559080600738525391 2.0488367080688476562 2.3912699222564697266 2.6005547046661376953 1.7674355506896972656 0.84612053632736206055 2.5941672325134277344 1.8287428617477416992 1.302527308464050293 0.79427337646484375 3.4900534152984619141 3.4473257064819335938 1.1148419380187988281 1.7484656572341918945 1.1297053098678588867 1.7076646089553833008 2.6983094215393066406 2.7111196517944335938 2.4593205451965332031 1.4402405023574829102 1.6219019889831542969 3.0450680255889892578 1.7530324459075927734 1.0750445127487182617 2.3233590126037597656 2.0017371177673339844 1.6336715221405029297 2.1599709987640380859 1.948200225830078125 1.1463280916213989258 0.80892783403396606445 1.6118915081024169922 1.9150512218475341797 1.2309080362319946289 1.6268575191497802734 0.50202131271362304688 1.1931129693984985352 1.1914222240447998047 2.8525464534759521484 2.6459529399871826172 2.8111841678619384766 1.1280781030654907227
2.2459206581115722656 1.1090923547744750977 2.1493618488311767578 1.7537099123001098633 2.1022844314575195312 2.4449415206909179688 1.1931737661361694336 2.7308030128479003906 1.4285860061645507812 2.8338868618011474609 2.9300694465637207031 1.9851891994476318359 2.3122746944427490234 0.99301713705062866211 2.0084929466247558594 1.7321300506591796875 2.7164695262908935547 2.4834644794464111328 1.3371623754501342773 1.6373900175094604492 1.5667083263397216797 1.5058932304382324219 1.9089436531066894531 2.2899587154388427734 1.6965723037719726562 1.6439954042434692383 1.9114159345626831055 2.4216475486755371094 4.2000484466552734375 2.3281736373901367188 1.8181712627410888672 1.2900116443634033203 2.2688343524932861328 2.0608835220336914062 1.4369596242904663086 1.0412269830703735352 1.4295580387115478516 2.4267981052398681641 1.5590267181396484375 2.7618453502655029297 2.8510525226593017578 2.0230486392974853516 0.68997472524642944336
3.2572422027587890625 1.0558822154998779297 0.79499632120132446289 1.3458402156829833984 2.0182199478149414062 2.8611094951629638672 1.8632832765579223633 3.9756057262420654297 1.9175620079040527344 2.6497097015380859375 2.5274417400360107422 2.1003537178039550781 2.6423680782318115234 0.94465667009353637695 2.7567505836486816406 1.7306826114654541016 1.0114090442657470703 2.3355748653411865234 0.82374054193496704102 1.1799451112747192383 1.7828432321548461914 1.6007966995239257812 1.2079833745956420898 2.3844900131225585938 1.1007751226425170898 2.1038801670074462891 1.1102716922760009766 3.0031790733337402344 3.9355175495147705078 2.83736419677734375 2.4104924201965332031 1.1794481277465820312 1.9937120676040649414 2.9401187896728515625 1.5212171077728271484 2.1647875308990478516 1.7124412059783935547 2.3575665950775146484 2.1416246891021728516 3.1201179027557373047 2.2733073234558105469 0.80190628767013549805 1.0943349599838256836
2.4876790046691894531 0.86464095115661621094 0.92296606302261352539 3.5079991817474365234 1.3108744621276855469 2.2918541431427001953 2.4466748237609863281 2.8014111518859863281 2.4806826114654541016 3.0866780281066894531 2.1670413017272949219 1.5950425863265991211 2.8444492816925048828 1.0684909820556640625 1.8520302772521972656 2.245021820068359375 1.7107906341552734375 1.4887555837631225586 2.0648751258850097656 3.4382333755493164062 1.5349421501159667969 1.3659715652465820312 1.7252365350723266602 2.8318581581115722656 1.294363856315612793 1.738620758056640625 1.2072016000747680664 2.9455864429473876953 2.4856755733489990234 2.3628451824188232422 2.4343752861022949219 1.3483037948608398438 2.2667553424835205078 3.1819491386413574219 1.2733031511306762695 1.7022918462753295898 3.3222606182098388672 1.710373997688293457 2.8209676742553710938 2.0358111858367919922 1.3065855503082275391 0.82372659444808959961 0.85889965295791625977
0.85352784395217895508 1.4902483224868774414 1.3615155220031738281 1.7924666404724121094 0.81397151947021484375 3.0594968795776367188 2.0656695365905761719 1.8116205930709838867 1.9796092510223388672 3.6347017288208007812 2.3452763557434082031 1.2882897853851318359 2.7720918655395507812 0.96070498228073120117 1.4401670694351196289 2.8851621150970458984 2.8982253074645996094 1.4930937290191650391 2.9495570659637451172 6.4600024223327636719 1.0983299016952514648 5.8492598533630371094 1.6364628076553344727 2.1129291057586669922 2.0473091602325439453 1.2033605575561523438 1.3391472101211547852 2.2099590301513671875 2.3907794952392578125 2.6440777778625488281 2.7525234222412109375 1.5051243305206298828 2.4059102535247802734 2.7439424991607666016 2.4052276611328125 2.3462750911712646484 3.0116193294525146484 2.5420143604278564453 2.5926496982574462891 1.115779876708984375 1.8716104030609130859 1.4446643590927124023 0.67764526605606079102
1.3833878040313720703 3.47415924072265625 2.3468115329742431641 1.2183790206909179688 1.3948390483856201172 2.7300195693969726562 0.81585538387298583984 5.5075397491455078125 1.0371712446212768555 1.8433170318603515625 1.7818119525909423828 1.9079643487930297852 1.4335166215896606445 0.89892435073852539062 3.150390625 2.5322747230529785156 2.5306172370910644531 1.5626534223556518555 1.4039951562881469727 4.8239574432373046875 2.1498732566833496094 3.5268573760986328125 0.56984001398086547852 1.1200226545333862305 1.2047344446182250977 0.70695424079895019531 1.2228319644927978516 1.1386852264404296875 2.0688204765319824219 1.522397160530090332 3.4088506698608398438 5.3737583160400390625 2.4198396205902099609 2.7309968471527099609 2.909763336181640625 2.4563684463500976562 3.4393382072448730469 3.54630279541015625 1.4624731540679931641 1.7932555675506591797 1.7802932262420654297 1.5770448446273803711 1.1057568788528442383
0.93803894519805908203 2.9099395275115966797 2.3155055046081542969 1.6416215896606445312 2.3532161712646484375 1.8918322324752807617 2.1840136051177978516 4.7942838668823242188 2.1286334991455078125 2.9440217018127441406 2.8246889114379882812 2.4583792686462402344 1.2043063640594482422 1.6019749641418457031 3.4648962020874023438 1.0416084527969360352 3.1603074073791503906 1.8222887516021728516 2.0514276027679443359 3.3627667427062988281 2.5151038169860839844 1.1835349798202514648 0.92955642938613891602 0.88922810554504394531 0.8121891021728515625 0.5957648158073425293 1.4527075290679931641 1.947834014892578125 2.3102347850799560547 1.2365601062774658203 4.1568341255187988281 5.8028225898742675781 2.3496584892272949219 2.9056303501129150391 2.9652001857757568359 3.1590671539306640625 3.7549374103546142578 4.3443317413330078125 0.94048851728439331055 2.4085385799407958984 0.59496951103210449219 0.74274355173110961914 1.2659537792205810547
0.83693534135818481445 1.2241286039352416992 1.6788082122802734375 1.8255769014358520508 3.7978217601776123047 2.5766127109527587891 2.1941308975219726562 2.7536754608154296875 2.6135914325714111328 3.0370097160339355469 2.2997453212738037109 2.8805491924285888672 1.2532198429107666016 2.0826935768127441406 1.2799265384674072266 1.4731351137161254883 2.9555938243865966797 2.2848212718963623047 1.8644983768463134766 3.8142809867858886719 2.1638054847717285156 1.173302769660949707 2.9216191768646240234 1.3644914627075195312 0.68018877506256103516 1.0013982057571411133 2.9527261257171630859 3.9667966365814208984 2.5405237674713134766 1.3810565471649169922 1.2336995601654052734 2.4437208175659179688 1.6548066139221191406 1.7193727493286132812 1.8279095888137817383 2.7149901390075683594 2.32953643798828125 2.1044080257415771484 0.92284089326858520508 1.483426213264465332 0.72940719127655029297 0.69748663902282714844 2.318584442138671875
1.3095356225967407227 1.2707211971282958984 1.2468165159225463867 2.0480916500091552734 2.5816402435302734375 3.0054190158843994141 1.8091548681259155273 2.573467254638671875 1.6646816730499267578 4.2200522422790527344 2.4436202049255371094 1.5099163055419921875 1.5409619808197021484 2.0279734134674072266 1.5942409038543701172 2.1841599941253662109 2.2940416336059570312 2.3965740203857421875 2.3524839878082275391 3.0952188968658447266 1.0593804121017456055 2.5652639865875244141 5.0500612258911132812 2.3911097049713134766 1.370761871337890625 1.6655251979827880859 3.4729456901550292969 3.4459464550018310547 2.4527645111083984375 2.6381106376647949219 0.98518532514572143555 1.5133987665176391602 3.1217777729034423828 1.5040701627731323242 1.7456823587417602539 3.0297503471374511719 3.4969811439514160156 2.7590923309326171875 2.5835652351379394531 1.464732050895690918 0.75281608104705810547 1.4509605169296264648 2.1520419120788574219
2.1555001735687255859 2.2930691242218017578 1.3283259868621826172 1.6509227752685546875 2.2025976181030273438 4.3113751411437988281 1.3335573673248291016 2.6999912261962890625 1.6221768856048583984 3.7951686382293701172 2.3155193328857421875 1.3675233125686645508 2.5933001041412353516 2.5403158664703369141 3.1341426372528076172 2.7859294414520263672 2.8900671005249023438 1.5017451047897338867 2.6749768257141113281 1.4489749670028686523 2.5642492771148681641 2.7410478591918945312 2.26374053955078125 2.0041720867156982422 1.5654059648513793945 1.0342696905136108398 2.8596911430358886719 4.6728873252868652344 1.7982244491577148438 4.6921811103820800781 1.2665915489196777344 1.7456680536270141602 3.1346404552459716797 2.9462919235229492188 2.5785002708435058594 2.1141867637634277344 2.5483546257019042969 5.19007110595703125 4.5061545372009277344 0.90291893482208251953 0.59034776687622070312 1.320166468620300293 2.0181849002838134766
3.4816708564758300781 2.2558231353759765625 1.7558578252792358398 1.7235912084579467773 2.3374447822570800781 3.2575991153717041016 2.7142493724822998047 3.4334950447082519531 2.33718109130859375 2.1951785087585449219 1.4870676994323730469 3.3172984123229980469 4.5782489776611328125 2.4645860195159912109 2.4334864616394042969 3.0968499183654785156 2.9121351242065429688 2.0089156627655029297 2.6760871410369873047 3.0935153961181640625 3.6045641899108886719 1.8022626638412475586 1.0660341978073120117 0.62932264804840087891 1.5970479249954223633 1.1699286699295043945 2.4059739112854003906 3.8014779090881347656 1.8924425840377807617 3.0169274806976318359 1.5714292526245117188 4.1780300140380859375 2.7709093093872070312 1.5265403985977172852 2.9506859779357910156 2.5604653358459472656 2.3940341472625732422 3.7962737083435058594 2.9187114238739013672 1.8778706789016723633 1.1193810701370239258 2.2196466922760009766 2.2810158729553222656
4.0417833328247070312 2.16967010498046875 1.2079675197601318359 1.1667833328247070312 0.95856726169586181641 1.5789430141448974609 3.1451649665832519531 3.1985275745391845703 3.5008375644683837891 1.4762392044067382812 2.2286305427551269531 2.233978271484375 3.5105533599853515625 3.4508099555969238281 1.7555412054061889648 2.9011602401733398438 2.035587310791015625 2.5847194194793701172 2.4799225330352783203 4.2976984977722167969 3.2747697830200195312 1.5176088809967041016 1.4996042251586914062 0.71222883462905883789 1.1284199953079223633 1.4052759408950805664 3.0882561206817626953 3.1505963802337646484 1.2754608392715454102 2.0289094448089599609 2.6049246788024902344 4.4804787635803222656 2.2382571697235107422 1.1867358684539794922 2.9197025299072265625 2.7518265247344970703 2.116626739501953125 2.4379799365997314453 2.0326178073883056641 1.8569289445877075195 2.5428078174591064453 2.7905657291412353516 0.9808279871940612793
2.4536786079406738281 1.5405128002166748047 1.9126492738723754883 2.4274387359619140625 1.0272831916809082031 1.4751437902450561523 2.1674978733062744141 2.8326039314270019531 3.4876461029052734375 2.0059819221496582031 1.6803565025329589844 1.4678684473037719727 3.5504691600799560547 3.3735954761505126953 1.0902922153472900391 2.5618805885314941406 1.6116042137145996094 2.4712896347045898438 1.4278492927551269531 3.1542809009552001953 2.6035220623016357422 1.6009386777877807617 1.0838986635208129883 1.2886916399002075195 1.3592325448989868164 1.9479644298553466797 3.9087722301483154297 3.8949956893920898438 0.95447760820388793945 1.4866684675216674805 3.7714140415191650391 1.69947052001953125 3.5209805965423583984 1.5107705593109130859 2.0263471603393554688 2.6647896766662597656 2.3783674240112304688 2.8170363903045654297 2.2713942527770996094 2.1086564064025878906 2.2610831260681152344 2.5608906745910644531 1.1893033981323242188
2.6734144687652587891 1.2147383689880371094 3.9272713661193847656 3.8982474803924560547 1.0955221652984619141 0.99703049659729003906 1.3747068643569946289 2.0441179275512695312 1.3574749231338500977 1.2929892539978027344 2.1698796749114990234 1.5209190845489501953 2.6138849258422851562 1.709064483642578125 0.65592610836029052734 1.8484673500061035156 1.1567583084106445312 2.1605260372161865234 3.1132836341857910156 3.2781269550323486328 1.5298765897750854492 1.6662944555282592773 0.94348698854446411133 1.1789184808731079102 0.9507134556770324707 1.5207145214080810547 3.5301876068115234375 1.5086495876312255859 1.4219920635223388672 1.6896854639053344727 3.0818853378295898438 2.1150066852569580078 2.0670580863952636719 1.050501704216003418 1.5785310268402099609 2.2561583518981933594 2.2516696453094482422 3.4121887683868408203 2.6501860618591308594 1.3783121109008789062 2.0082697868347167969 3.2857544422149658203 3.0855865478515625
2.9161572456359863281 0.90229707956314086914 2.6661002635955810547 2.5415284633636474609 3.0125098228454589844 1.2924543619155883789 1.1913009881973266602 1.4485281705856323242 1.1324825286865234375 2.0559215545654296875 2.7223012447357177734 0.83403098583221435547 2.8669595718383789062 2.6704807281494140625 1.7490793466567993164 1.2849851846694946289 1.2344337701797485352 2.0318777561187744141 3.1395955085754394531 1.7802574634552001953 1.3025739192962646484 2.6239168643951416016 1.1001389026641845703 1.8713936805725097656 1.4616763591766357422 2.4955761432647705078 3.2696874141693115234 1.5948641300201416016 2.4596927165985107422 2.4269964694976806641 2.2762160301208496094 2.0671060085296630859 2.0216343402862548828 1.0502574443817138672 0.96513885259628295898 2.2000944614410400391 6.0003633499145507812 3.1553342342376708984 2.5116245746612548828 1.9434732198715209961 2.2857983112335205078 3.2512137889862060547 3.6112263202667236328
1.5907896757125854492 0.67446953058242797852 1.8634650707244873047 4.1392951011657714844 3.5624704360961914062 1.5467538833618164062 1.2197996377944946289 2.3443102836608886719 0.9326642155647277832 2.2684664726257324219 3.4966585636138916016 1.7602176666259765625 2.4291765689849853516 2.2244613170623779297 2.4569509029388427734 2.6609284877777099609 2.3678953647613525391 2.7006876468658447266 2.6377635002136230469 2.5359299182891845703 2.3171246051788330078 1.7324682474136352539 1.9063825607299804688 1.8661950826644897461 2.7662076950073242188 4.0739855766296386719 4.5187268257141113281 2.9883861541748046875 2.9431540966033935547 2.477603912353515625 2.7933721542358398438 2.52884674072265625 2.6613688468933105469 0.79640340805053710938 1.4220471382141113281 3.5930156707763671875 4.3505654335021972656 2.2005965709686279297 2.3912847042083740234 1.7880871295928955078 2.1953089237213134766 1.8587373495101928711 3.8342347145080566406
