Forest_LCP_Outputs/canopy_cover.asc
ncols        250
nrows        253
xllcorner    -2044817.845419629943
yllcorner    2022214.475814298494
cellsize     26.855736874859
NODATA_value 0
[rows 171 to 189 of 253, columns 129 to 171 of 250]
1.9241930246353149414 1.2166767120361328125 2.447666168212890625 1.7984635829925537109 1.3792208433151245117 1.4877187013626098633 2.3118085861206054688 1.4588534832000732422 2.7798037528991699219 2.9994640350341796875 1.15497589111328125 0.76136076450347900391 3.7995240688323974609 3.6143019199371337891 1.5145969390869140625 3.19539642333984375 3.7390615940093994141 1.6815161705017089844 3.1321363449096679688 2.2144587039947509766 1.9380435943603515625 2.4944162368774414062 4.6000013351440429688 0.96563255786895751953 1.0383732318878173828 1.2140346765518188477 1.4618878364562988281 2.2264597415924072266 0.93358647823333740234 1.8969571590423583984 1.0506714582443237305 3.0034794807434082031 2.6538584232330322266 0.11414764821529388428 2.6860785484313964844 1.1627489328384399414 1.3602210283279418945 0.11054487526416778564 1.4012984643248170709e-45 1.4012984643248170709e-45 1.4012984643248170709e-45 1.4012984643248170709e-45 1.4012984643248170709e-45
2.81737518310546875 0.87574076652526855469 2.2147307395935058594 1.8363977670669555664 3.0374081134796142578 1.8417568206787109375 1.9039897918701171875 2.2186684608459472656 2.6525375843048095703 2.6587038040161132812 1.4642865657806396484 1.3594099283218383789 2.3862767219543457031 0.80628544092178344727 1.6685297489166259766 2.3852264881134033203 2.5464029312133789062 2.5552794933319091797 5.13225555419921875 4.6965699195861816406 1.5556704998016357422 2.0987801551818847656 2.5443758964538574219 1.9955842494964599609 1.4793183803558349609 2.0377354621887207031 1.4887186288833618164 3.4679858684539794922 1.4009418487548828125 1.4442081451416015625 1.449406743049621582 2.7723352909088134766 0.69967371225357055664 1.2791626453399658203 2.7722048759460449219 2.0972123146057128906 1.9041134119033813477 0.80434858798980712891 0.51056879758834838867 0.088964894413948059082 1.2836731672286987305 0.011046602390706539154 1.4012984643248170709e-45
0.92810451984405517578 0.65438491106033325195 2.5295307636260986328 2.6089937686920166016 1.1433708667755126953 0.89176839590072631836 1.2259451150894165039 2.2974712848663330078 1.42635345458984375 3.2543663978576660156 2.4410572052001953125 1.2943645715713500977 2.0150430202484130859 3.2859280109405517578 2.7037932872772216797 1.5722775459289550781 1.4510149955749511719 1.6907180547714233398 3.4201810359954833984 3.3343565464019775391 2.0523047447204589844 1.8867799043655395508 0.72876143455505371094 1.1664749383926391602 1.530115962028503418 2.4798614978790283203 0.66085976362228393555 0.84854447841644287109 0.85856193304061889648 1.0660604238510131836 2.1087720394134521484 1.4130969047546386719 1.7869384288787841797 1.4955059289932250977 2.2473115921020507812 3.8725812435150146484 2.5755715370178222656 1.6979205608367919922 1.9747397899627685547 0.25543907284736633301 3.9424600601196289062 1.4012984643248170709e-45 0.21152506768703460693
2.0478458404541015625 0.87266182899475097656 3.1629922389984130859 1.1045879125595092773 0.83010441064834594727 0.82770448923110961914 1.3453661203384399414 1.8608099222183227539 2.1048753261566162109 3.0825037956237792969 2.3625674247741699219 1.1798812150955200195 1.3708407878875732422 2.1137125492095947266 2.4913358688354492188 2.544277191162109375 2.6141860485076904297 2.3057811260223388672 3.1333971023559570312 2.3127396106719970703 2.5715718269348144531 2.25745391845703125 1.9982323646545410156 2.4292829036712646484 0.89082700014114379883 2.8136408329010009766 0.90620338916778564453 1.072056889533996582 1.2383495569229125977 1.5833940505981445312 1.7284809350967407227 0.75910854339599609375 1.5082869529724121094 1.8726862668991088867 1.2085523605346679688 0.95291233062744140625 2.8792967796325683594 4.0722036361694335938 3.1340842247009277344 0.50928950309753417969 0.85259842872619628906 0.31981793045997619629 1.2056778669357299805
3.1352894306182861328 1.1477031707763671875 1.4358642101287841797 2.09564208984375 1.662339329719543457 1.271571040153503418 3.2528111934661865234 1.5855025053024291992 1.4222929477691650391 2.2652330398559570312 0.7694123387336730957 1.8778361082077026367 2.9446370601654052734 2.3934652805328369141 1.4757164716720581055 1.8767151832580566406 2.1911325454711914062 1.4704670906066894531 1.7235292196273803711 1.7299296855926513672 2.4588456153869628906 4.984546661376953125 2.5765650272369384766 1.7355983257293701172 1.5880308151245117188 2.4483773708343505859 1.5253679752349853516 2.4042477607727050781 2.3307673931121826172 1.1477123498916625977 6.2551965713500976562 0.99293231964111328125 1.6683202981948852539 3.2131617069244384766 2.21832275390625 2.3370330333709716797 2.5335264205932617188 3.0310885906219482422 3.1018190383911132812 1.4777250289916992188 0.35584414005279541016 0.074861854314804077148 1.6837469339370727539
2.9518718719482421875 2.3137404918670654297 1.1864562034606933594 0.92708301544189453125 1.7082915306091308594 0.88669121265411376953 1.2116159200668334961 1.3145788908004760742 1.0706539154052734375 0.79366338253021240234 0.66835302114486694336 1.0799347162246704102 2.4944491386413574219 2.3011965751647949219 1.0819786787033081055 0.78914535045623779297 2.6887736320495605469 0.93654227256774902344 0.59319293498992919922 2.2040119171142578125 1.740147709846496582 3.3760483264923095703 2.1575260162353515625 0.98187458515167236328 1.9656811952590942383 2.5902781486511230469 1.6664724349975585938 2.6635789871215820312 2.4883399009704589844 0.73837178945541381836 3.0986292362213134766 1.8353161811828613281 2.1420114040374755859 2.4339697360992431641 0.54872912168502807617 2.1811473369598388672 1.0389854907989501953 0.31536287069320678711 0.34099537134170532227 2.9889485836029052734 1.4012984643248170709e-45 1.4012984643248170709e-45 1.4012984643248170709e-45
2.5828909873962402344 3.2760972976684570312 0.54032969474792480469 1.4767152070999145508 1.4012984643248170709e-45 0.09063208848237991333 1.3562562465667724609 3.1271071434020996094 1.7713949680328369141 1.1920936107635498047 1.9705226421356201172 2.6213667392730712891 2.2998759746551513672 2.2975695133209228516 2.2255663871765136719 1.5077425241470336914 1.5930172204971313477 0.7917149662971496582 0.27845230698585510254 1.1900669336318969727 2.3363516330718994141 2.6375577449798583984 1.671754002571105957 2.3498592376708984375 2.7107167243957519531 1.4110441207885742188 1.7957470417022705078 1.3008866310119628906 2.1988520622253417969 0.83140128850936889648 2.0447745323181152344 1.967329859733581543 0.99977576732635498047 0.050958093255758285522 0.15255926549434661865 1.1923420429229736328 0.14722450077533721924 1.4092264175415039062 0.35581108927726745605 3.0361196994781494141 1.2351424694061279297 1.4012984643248170709e-45 1.4012984643248170709e-45
5.7924237251281738281 1.201506495475769043 1.4727156162261962891 1.8942612409591674805 1.4012984643248170709e-45 0.9021351933479309082 2.4659745693206787109 4.6094951629638671875 2.0605459213256835938 1.7032097578048706055 0.73526376485824584961 1.6386075019836425781 1.04479217529296875 0.79142647981643676758 2.09618377685546875 1.1488215923309326172 0.96607744693756103516 1.2176148891448974609 1.4270874261856079102 1.0201686620712280273 1.6685085296630859375 1.9505519866943359375 0.12027844041585922241 1.8567212820053100586 0.75067549943923950195 1.123461604118347168 1.4764637947082519531 1.4012984643248170709e-45 0.17732349038124084473 1.6396983861923217773 1.6776454448699951172 1.7162499427795410156 0.15212965011596679688 1.4012984643248170709e-45 1.4012984643248170709e-45 1.4012984643248170709e-45 1.4012984643248170709e-45 0.068137459456920623779 0.43815034627914428711 2.2702927589416503906 1.4311813116073608398 0.031542941927909851074 1.4012984643248170709e-45
3.0405406951904296875 1.1454657316207885742 1.0974493026733398438 0.068613462150096893311 1.4012984643248170709e-45 0.54846966266632080078 1.4140981435775756836 3.7740678787231445312 0.11269733309745788574 0.3418630063533782959 1.4012984643248170709e-45 0.34015473723411560059 0.73746860027313232422 0.62313383817672729492 1.7081905603408813477 1.9487825632095336914 1.2338525056838989258 2.4800243377685546875 8.5987596511840820312 2.1974432468414306641 0.84327566623687744141 0.35449248552322387695 1.4012984643248170709e-45 0.26448723673820495605 0.2121178358793258667 0.53753268718719482422 0.16366231441497802734 1.4012984643248170709e-45 1.4012984643248170709e-45 1.2614524364471435547 1.1246392726898193359 4.924770355224609375 1.4012984643248170709e-45 1.4012984643248170709e-45 0.067757591605186462402 0.064448773860931396484 1.4012984643248170709e-45 1.4012984643248170709e-45 0.1344757080078125 1.7871054410934448242 0.62569200992584228516 0.53663432598114013672 0.012350279837846755981
1.9332908391952514648 1.4005392789840698242 0.1781081855297088623 0.91732543706893920898 0.086483135819435119629 1.4012984643248170709e-45 1.4012984643248170709e-45 1.4012984643248170709e-45 1.4012984643248170709e-45 1.4012984643248170709e-45 1.4012984643248170709e-45 1.6499727964401245117 3.1650831699371337891 2.4163920879364013672 1.6138644218444824219 3.2675189971923828125 1.5935140848159790039 4.7752056121826171875 3.1945695877075195312 1.4053184986114501953 0.29063442349433898926 1.4012984643248170709e-45 1.4012984643248170709e-45 1.4012984643248170709e-45 1.4012984643248170709e-45 1.4012984643248170709e-45 0.0010535734472796320915 1.4012984643248170709e-45 0.013542256318032741547 0.3870467841625213623 1.1320345401763916016 2.1440415382385253906 0.39118114113807678223 0.32651099562644958496 0.37998226284980773926 0.17293310165405273438 1.4012984643248170709e-45 1.4012984643248170709e-45 1.4012984643248170709e-45 2.4992618560791015625 2.2719888687133789062 0.63424116373062133789 1.984905242919921875
2.1584856510162353516 2.4735448360443115234 0.42696091532707214355 0.24111327528953552246 0.2815462648868560791 1.0546739101409912109 0.32075330615043640137 1.4012984643248170709e-45 1.4012984643248170709e-45 1.4012984643248170709e-45 0.56053388118743896484 1.1473497152328491211 2.7927472591400146484 2.3126161098480224609 0.60581755638122558594 3.8647522926330566406 1.0142689943313598633 2.0373761653900146484 1.3924546241760253906 1.6439955234527587891 0.71172595024108886719 1.4012984643248170709e-45 1.4012984643248170709e-45 1.1031036376953125 0.016663864254951477051 0.090749420225620269775 0.34100070595741271973 1.4307860136032104492 0.65517961978912353516 2.3564519882202148438 3.3771064281463623047 3.1692800521850585938 1.7030848264694213867 0.93227541446685791016 1.1131436824798583984 0.036661032587289810181 1.4012984643248170709e-45 1.4012984643248170709e-45 0.40812352299690246582 2.6939473152160644531 2.5045156478881835938 1.0866913795471191406 2.4904453754425048828
2.5199029445648193359 0.98350518941879272461 1.1916917562484741211 1.03820037841796875 0.76650536060333251953 2.7342534065246582031 1.3204979896545410156 1.4012984643248170709e-45 1.4012984643248170709e-45 1.4012984643248170709e-45 2.9550063610076904297 1.0300153493881225586 2.0861399173736572266 2.1527128219604492188 0.54719722270965576172 0.35742163658142089844 0.48539629578590393066 0.96248090267181396484 1.7807959318161010742 2.4720494747161865234 0.98682349920272827148 0.0077667413279414176941 0.10013937205076217651 1.6448824405670166016 0.8126767277717590332 2.4772956371307373047 2.2186799049377441406 1.8543429374694824219 1.882603764533996582 1.6041027307510375977 0.77863872051239013672 3.9355187416076660156 2.0610477924346923828 2.7580206394195556641 2.8903665542602539062 1.4012984643248170709e-45 1.4012984643248170709e-45 1.4012984643248170709e-45 1.4012984643248170709e-45 2.0653851032257080078 2.7701017856597900391 0.47783327102661132812 1.4012984643248170709e-45
1.8588171005249023438 1.7201913595199584961 1.673270106315612793 1.0939420461654663086 0.60990411043167114258 0.0084157586097717285156 0.057479400187730789185 1.4012984643248170709e-45 0.032408498227596282959 0.68697732686996459961 3.4330277442932128906 2.1193330287933349609 2.2265224456787109375 2.2784883975982666016 1.3464472293853759766 2.8902010917663574219 0.91315889358520507812 0.95989662408828735352 0.99730777740478515625 1.4065520763397216797 1.8727653026580810547 0.14079017937183380127 0.57519924640655517578 1.0712978839874267578 2.5793488025665283203 3.0093324184417724609 1.8881828784942626953 2.7178814411163330078 3.9765546321868896484 0.30899018049240112305 1.7317196130752563477 2.6137638092041015625 3.0373494625091552734 2.1016008853912353516 1.9766240119934082031 1.4561520814895629883 0.20558114349842071533 1.4012984643248170709e-45 1.4012984643248170709e-45 0.87410122156143188477 3.1684846878051757812 1.4012984643248170709e-45 1.4012984643248170709e-45
0.68581187725067138672 1.6525505781173706055 1.2713507413864135742 1.8609486818313598633 2.8524518013000488281 1.4012984643248170709e-45 1.4012984643248170709e-45 1.4012984643248170709e-45 0.30663144588470458984 0.7009074091911315918 2.663082122802734375 2.0076339244842529297 2.7665760517120361328 1.6783046722412109375 0.77990347146987915039 2.1524231433868408203 0.63861072063446044922 1.5670779943466186523 2.2717204093933105469 2.2385759353637695312 2.3571994304656982422 0.83018094301223754883 2.1410953998565673828 3.5090239048004150391 1.6780695915222167969 1.7269057035446166992 1.3634431362152099609 6.4990692138671875 0.82717674970626831055 0.2366637885570526123 1.142157435417175293 0.99109679460525512695 1.2015497684478759766 1.2883092164993286133 2.9161167144775390625 2.3330054283142089844 0.97468513250350952148 1.4012984643248170709e-45 1.4012984643248170709e-45 0.25920519232749938965 1.7161350250244140625 1.4012984643248170709e-45 1.4012984643248170709e-45
0.69294691085815429688 2.0777800083160400391 2.2548420429229736328 2.437488555908203125 2.0088829994201660156 1.4012984643248170709e-45 1.4012984643248170709e-45 0.37312594056129455566 0.51679664850234985352 0.80419385433197021484 3.917022705078125 3.0222840309143066406 2.93935394287109375 4.6008334159851074219 0.79979956150054931641 1.6035333871841430664 1.4908536672592163086 1.0366562604904174805 0.46008151769638061523 0.86201596260070800781 1.6137654781341552734 0.51057410240173339844 2.6610245704650878906 1.4194886684417724609 0.95003741979598999023 2.0229699611663818359 2.2468705177307128906 0.87283194065093994141 1.2098766565322875977 0.87497472763061523438 0.097624868154525756836 1.4012984643248170709e-45 3.8553287982940673828 1.0945096015930175781 2.1872391700744628906 2.7453706264495849609 4.3550395965576171875 1.4012984643248170709e-45 1.4012984643248170709e-45 1.4012984643248170709e-45 1.4012984643248170709e-45 1.4012984643248170709e-45 1.4012984643248170709e-45
1.7753527164459228516 2.7481522560119628906 2.5276670455932617188 2.1454539299011230469 2.2800505161285400391 0.33097791671752929688 0.1376136094331741333 2.1907856464385986328 3.0640728473663330078 1.9168401956558227539 3.1043894290924072266 4.3178806304931640625 2.3518550395965576172 1.4026720523834228516 0.76592087745666503906 1.9278333187103271484 2.4190876483917236328 1.2200047969818115234 0.1254933774471282959 1.6915631294250488281 3.5023922920227050781 0.73815006017684936523 1.1954348087310791016 1.1262977123260498047 1.8184378147125244141 3.2611219882965087891 1.8209400177001953125 1.9884333610534667969 1.7055826187133789062 1.5007194280624389648 0.35440587997436523438 0.047362044453620910645 4.9409842491149902344 1.1817091703414916992 1.2917667627334594727 1.6815686225891113281 0.46926137804985046387 0.82229626178741455078 0.35702380537986755371 0.098988406360149383545 1.4012984643248170709e-45 1.4012984643248170709e-45 1.4012984643248170709e-45
1.6380383968353271484 3.161144256591796875 1.9981417655944824219 2.9772434234619140625 2.4609940052032470703 0.40439310669898986816 1.6790622472763061523 2.47261810302734375 1.3802962303161621094 1.4529867172241210938 1.6466962099075317383 2.7929060459136962891 2.7577219009399414062 3.5399863719940185547 1.3570371866226196289 1.5336706638336181641 1.5791929960250854492 0.27765345573425292969 1.5820150375366210938 3.9180555343627929688 8.0452823638916015625 1.2237073183059692383 2.0640575885772705078 2.7450933456420898438 2.3263645172119140625 4.79137420654296875 2.9000909328460693359 4.3085174560546875 0.78153169155120849609 2.1192600727081298828 1.7099654674530029297 0.38351210951805114746 1.9342745542526245117 1.4603286981582641602 3.0743122100830078125 2.2805259227752685547 0.70222061872482299805 1.7824367284774780273 1.4454219341278076172 0.78755164146423339844 2.0978600978851318359 1.0749777555465698242 1.1166974306106567383
1.3863842487335205078 0.94280618429183959961 2.5174624919891357422 3.5968849658966064453 2.7904422283172607422 2.7060177326202392578 6.1206393241882324219 2.2331345081329345703 0.88046526908874511719 1.3058483600616455078 1.894547581672668457 2.5453212261199951172 2.9085547924041748047 3.559368133544921875 1.7934815883636474609 2.6286387443542480469 0.73275405168533325195 0.34361931681632995605 1.2731119394302368164 1.2324951887130737305 2.369182586669921875 1.2517492771148681641 2.6145653724670410156 4.2990007400512695312 1.1656196117401123047 3.3527979850769042969 1.9035204648971557617 2.944751739501953125 1.2031627893447875977 1.6455971002578735352 1.3804454803466796875 0.8270359039306640625 0.5533244013786315918 2.07247161865234375 1.3807560205459594727 2.1864244937896728516 0.90718734264373779297 2.2256543636322021484 4.9020314216613769531 2.1051809787750244141 1.895753026008605957 2.3909499645233154297 2.6951868534088134766
1.0582069158554077148 2.9091713428497314453 2.5498952865600585938 2.9697387218475341797 3.3767173290252685547 3.034664154052734375 2.0359621047973632812 1.1330689191818237305 1.1708391904830932617 0.61266911029815673828 0.69145005941390991211 1.1429536342620849609 2.3912200927734375 1.2648994922637939453 2.0377523899078369141 0.58644574880599975586 0.13696275651454925537 1.4012984643248170709e-45 0.33521249890327453613 2.2543404102325439453 2.8221755027770996094 1.6764444112777709961 2.6474781036376953125 2.5263104438781738281 2.9984645843505859375 1.7019517421722412109 1.5921806097030639648 1.8826714754104614258 1.6808054447174072266 2.0999236106872558594 2.1314558982849121094 1.7163882255554199219 1.4131096601486206055 1.5600584745407104492 0.49930357933044433594 2.4889357089996337891 1.72347259521484375 2.4032518863677978516 1.9365944862365722656 2.9454329013824462891 3.2761971950531005859 1.8042776584625244141 1.4025579690933227539
