Forest_LCP_Outputs/canopy_cover.asc
ncols        250
nrows        253
xllcorner    -2044817.845419629943
yllcorner    2022214.475814298494
cellsize     26.855736874859
NODATA_value 0
[rows 95 to 113 of 253, columns 43 to 85 of 250]
1.1794142723083496094 2.06058502197265625 2.1971404552459716797 2.5462803840637207031 2.1801536083221435547 2.3450076580047607422 2.0402836799621582031 2.3566741943359375 1.6470885276794433594 1.9769613742828369141 1.5464571714401245117 6.3851819038391113281 2.3588864803314208984 0.99395644664764404297 1.6024842262268066406 2.4070858955383300781 0.94459569454193115234 3.3940055370330810547 4.7079753875732421875 2.9637486934661865234 3.0569052696228027344 2.5657918453216552734 1.0084978342056274414 2.6384727954864501953 1.22554779052734375 3.2867188453674316406 1.863820195198059082 3.8821892738342285156 1.5359820127487182617 1.3570487499237060547 2.2014076709747314453 2.7233669757843017578 1.2902708053588867188 2.72257232666015625 2.9356796741485595703 2.7620308399200439453 0.74831336736679077148 2.1178033351898193359 1.3713582754135131836 1.4419656991958618164 1.8304365873336791992 2.6149566173553466797 2.6890285015106201172
0.74367517232894897461 1.4694650173187255859 2.8078486919403076172 2.1743483543395996094 2.105007171630859375 2.5040912628173828125 1.5541279315948486328 3.6421010494232177734 2.3536689281463623047 1.1746901273727416992 0.75842404365539550781 3.7260279655456542969 1.1991144418716430664 1.3862222433090209961 2.3647325038909912109 1.9404232501983642578 1.3230615854263305664 2.9639537334442138672 2.6678407192230224609 1.5535020828247070312 2.7014229297637939453 2.4016745090484619141 1.3131442070007324219 2.0030076503753662109 1.6205894947052001953 2.8061816692352294922 3.4429912567138671875 4.0511050224304199219 1.9670008420944213867 1.2665952444076538086 1.5668452978134155273 2.8656682968139648438 1.3030474185943603516 2.7317926883697509766 2.2231700420379638672 1.9000093936920166016 1.1277992725372314453 1.4760622978210449219 1.8072112798690795898 1.4443457126617431641 1.2000042200088500977 1.8423706293106079102 2.6590619087219238281
1.1184813976287841797 1.3888607025146484375 1.8598062992095947266 2.5383818149566650391 2.9923994541168212891 2.9033744335174560547 0.98044604063034057617 3.7069854736328125 3.5874130725860595703 1.8768880367279052734 0.71645915508270263672 0.59285795688629150391 0.87768387794494628906 1.2904911041259765625 3.0306830406188964844 2.1565499305725097656 2.6416292190551757812 1.7145546674728393555 2.2884581089019775391 1.9600145816802978516 2.0763247013092041016 2.3292009830474853516 1.7261312007904052734 2.365055084228515625 2.8203966617584228516 2.4899187088012695312 1.8556247949600219727 2.8629791736602783203 2.3243391513824462891 1.9004560708999633789 0.9878380894660949707 2.267978668212890625 1.5659977197647094727 2.0271406173706054688 1.9966020584106445312 1.4641253948211669922 1.8803938627243041992 2.0727419853210449219 1.6852074861526489258 0.72492468357086181641 1.0662926435470581055 2.4902322292327880859 3.016265869140625
1.9266035556793212891 2.4339058399200439453 1.4236431121826171875 2.7001805305480957031 2.0402443408966064453 3.8410491943359375 1.6802933216094970703 1.4779033660888671875 1.4658589363098144531 2.0460638999938964844 1.1583421230316162109 0.6326491236686706543 1.3243119716644287109 0.94374674558639526367 3.6067802906036376953 2.089229583740234375 2.3922927379608154297 2.2830915451049804688 1.6815481185913085938 2.5369617938995361328 2.2716269493103027344 2.7503244876861572266 2.3607847690582275391 2.4152457714080810547 2.5177130699157714844 1.1377527713775634766 1.9050662517547607422 2.5957226753234863281 1.4711371660232543945 1.5707350969314575195 1.2484551668167114258 1.4898995161056518555 1.9185706377029418945 1.7401713132858276367 1.9322152137756347656 1.2678469419479370117 1.2956355810165405273 1.8626246452331542969 1.2603219747543334961 2.9341225624084472656 1.6686135530471801758 1.5327773094177246094 2.5306582450866699219
2.2321112155914306641 3.3151688575744628906 2.5272114276885986328 1.6083109378814697266 2.1317501068115234375 3.3837625980377197266 2.2618732452392578125 1.1872830390930175781 1.5799283981323242188 1.9073432683944702148 1.0921812057495117188 0.70084559917449951172 1.5055915117263793945 1.2850080728530883789 2.2282731533050537109 1.9551932811737060547 1.9231443405151367188 1.1390452384948730469 1.9876520633697509766 2.9874184131622314453 1.9945427179336547852 2.9284770488739013672 2.4775564670562744141 2.2315526008605957031 2.4680206775665283203 1.5071092844009399414 2.2518520355224609375 1.5500757694244384766 0.78453826904296875 1.0846688747406005859 2.0626490116119384766 1.5415154695510864258 2.6754937171936035156 1.6317770481109619141 1.2441272735595703125 2.4242975711822509766 2.2392022609710693359 1.8026145696640014648 2.6839838027954101562 3.5509018898010253906 1.0516620874404907227 0.62589609622955322266 1.7822600603103637695
1.9966286420822143555 1.9569513797760009766 3.4158916473388671875 3.1571915149688720703 2.5942571163177490234 2.5086376667022705078 2.039783477783203125 0.64494013786315917969 2.7422299385070800781 0.82400143146514892578 1.9919621944427490234 1.1405619382858276367 1.7861133813858032227 1.2424331903457641602 1.687104344367980957 3.6290216445922851562 2.1547560691833496094 1.241118311882019043 2.0852782726287841797 2.527835845947265625 1.3597557544708251953 2.7743325233459472656 2.6451067924499511719 2.6246383190155029297 3.1159677505493164062 2.1977589130401611328 1.3860743045806884766 2.2296240329742431641 1.6929051876068115234 1.64325714111328125 2.1704380512237548828 2.1074161529541015625 1.8863043785095214844 2.0715396404266357422 1.9067981243133544922 2.1616163253784179688 1.7281816005706787109 1.6865850687026977539 1.3966373205184936523 1.2351484298706054688 0.58371621370315551758 1.9490926265716552734 1.1257718801498413086
2.4029588699340820312 1.8787510395050048828 3.1149878501892089844 2.3633575439453125 2.0133891105651855469 1.9222943782806396484 3.4735279083251953125 0.85169988870620727539 2.7482824325561523438 3.4132034778594970703 2.75600433349609375 2.0038886070251464844 1.6610064506530761719 0.87760031223297119141 2.0689756870269775391 3.3071334362030029297 1.038975834846496582 2.3564910888671875 1.8747246265411376953 2.3267192840576171875 1.4944412708282470703 2.4169526100158691406 2.2445282936096191406 1.9614498615264892578 1.9017059803009033203 2.2834379673004150391 1.6619483232498168945 4.204143524169921875 1.6560282707214355469 3.9129407405853271484 2.5850505828857421875 1.922183990478515625 1.0985318422317504883 1.737002253532409668 1.8621854782104492188 1.9821130037307739258 1.1405354738235473633 2.0738179683685302734 1.1567769050598144531 1.8950879573822021484 1.1971892118453979492 2.2658629417419433594 1.8115023374557495117
2.3068661689758300781 4.359344482421875 2.6593315601348876953 1.6317834854125976562 1.3288036584854125977 2.3460950851440429688 2.3276658058166503906 1.3436558246612548828 4.36309051513671875 4.9648356437683105469 2.8955965042114257812 1.5990351438522338867 1.8111993074417114258 0.94617605209350585938 1.9603126049041748047 2.5236470699310302734 1.3009028434753417969 2.1096215248107910156 1.4591262340545654297 2.7269430160522460938 2.6544559001922607422 3.7186560630798339844 2.1336801052093505859 1.1906584501266479492 0.74052757024765014648 1.5290026664733886719 1.933737635612487793 2.88155364990234375 1.9358208179473876953 2.9272429943084716797 2.3105034828186035156 1.9112288951873779297 1.7492607831954956055 2.066410064697265625 2.3770079612731933594 1.8260427713394165039 1.2611967325210571289 1.4827227592468261719 2.3458943367004394531 2.4642443656921386719 0.90994101762771606445 2.1838822364807128906 2.2667963504791259766
1.5685046911239624023 2.8092188835144042969 2.6030187606811523438 3.0236198902130126953 1.7302985191345214844 2.2754070758819580078 2.5251488685607910156 2.1919429302215576172 3.3090317249298095703 1.7941019535064697266 1.7724474668502807617 0.81308770179748535156 1.9742490053176879883 1.1698520183563232422 1.8312095403671264648 1.9232007265090942383 0.82719415426254272461 0.84919714927673339844 0.95215964317321777344 2.0425093173980712891 4.1246213912963867188 4.0692377090454101562 2.9318723678588867188 1.9045974016189575195 1.1677221059799194336 1.5409908294677734375 1.6397531032562255859 3.3811790943145751953 2.4925241470336914062 1.4005156755447387695 2.4985878467559814453 2.7132191658020019531 1.2142602205276489258 2.0850145816802978516 2.7031161785125732422 1.4966536760330200195 1.9614404439926147461 1.8342741727828979492 2.3283345699310302734 1.9329911470413208008 0.97725504636764526367 5.791866302490234375 1.7996283769607543945
0.78580427169799804688 0.67388457059860229492 3.0629351139068603516 2.9264032840728759766 2.8753709793090820312 2.6216549873352050781 2.7203526496887207031 2.4253637790679931641 1.8446444272994995117 0.61826324462890625 0.76940172910690307617 0.68973886966705322266 0.90375518798828125 1.4352964162826538086 1.5556557178497314453 1.5725198984146118164 1.3792551755905151367 0.84999567270278930664 2.6350545883178710938 1.6937131881713867188 3.4576618671417236328 2.3044056892395019531 3.4725313186645507812 2.8373959064483642578 2.1852374076843261719 2.5716915130615234375 1.4566762447357177734 2.7913892269134521484 6.3868303298950195312 1.190821528434753418 2.6024708747863769531 2.2606334686279296875 2.1275789737701416016 3.618618011474609375 2.5158526897430419922 2.4658608436584472656 3.8128509521484375 1.5717403888702392578 2.0592858791351318359 2.2519457340240478516 2.4185974597930908203 4.2030773162841796875 1.7985842227935791016
1.6649569272994995117 1.5966260433197021484 3.35625457763671875 1.1172738075256347656 4.5028209686279296875 1.7686606645584106445 2.0589962005615234375 2.3219387531280517578 2.159282684326171875 1.5828613042831420898 1.0424127578735351562 0.65676099061965942383 1.4179970026016235352 1.6515077352523803711 0.72609651088714599609 2.8262326717376708984 2.4323787689208984375 1.4519139528274536133 2.4105811119079589844 1.3854725360870361328 1.7043881416320800781 2.4110367298126220703 6.1939444541931152344 2.6097824573516845703 2.1593623161315917969 2.2857847213745117188 1.5556285381317138672 2.5793550014495849609 4.9708700180053710938 1.5101151466369628906 1.7517638206481933594 1.3340051174163818359 2.7791953086853027344 2.9336421489715576172 1.5354316234588623047 1.1809753179550170898 2.1049911975860595703 1.0443886518478393555 2.3301746845245361328 3.0407025814056396484 2.2787761688232421875 2.2226567268371582031 2.3800408840179443359
2.7909018993377685547 2.6677744388580322266 3.2015509605407714844 1.3939027786254882812 2.2592866420745849609 1.3354098796844482422 1.5772147178649902344 1.3937000036239624023 1.6240156888961791992 2.4239268302917480469 1.6060410737991333008 0.85551249980926513672 3.8648622035980224609 1.9550776481628417969 1.4237730503082275391 2.5944280624389648438 2.7360446453094482422 2.1735219955444335938 1.6313443183898925781 1.0493286848068237305 2.9303896427154541016 3.33513641357421875 4.5412912368774414062 1.6621994972229003906 2.0049421787261962891 1.6622465848922729492 2.3843872547149658203 1.7634747028350830078 1.4514564275741577148 1.6960588693618774414 0.94224971532821655273 2.1220920085906982422 1.8818960189819335938 2.3319826126098632812 2.6395795345306396484 0.74573189020156860352 0.87002658843994140625 1.9420267343521118164 2.4118316173553466797 2.5698046684265136719 1.2362233400344848633 2.4009394645690917969 1.9797682762145996094
2.5332331657409667969 1.6693683862686157227 1.9181936979293823242 0.82434892654418945312 1.0337557792663574219 1.3260210752487182617 0.93859422206878662109 1.2065759897232055664 0.58813863992691040039 2.3622152805328369141 1.7716426849365234375 2.3100295066833496094 3.3925299644470214844 3.1037538051605224609 1.6810615062713623047 2.0889191627502441406 2.1092903614044189453 1.2971550226211547852 2.2886576652526855469 1.2131092548370361328 3.579349517822265625 2.1133401393890380859 1.304951786994934082 2.444583892822265625 2.3202915191650390625 2.1015744209289550781 1.9209563732147216797 1.284173130989074707 0.8739821314811706543 2.0662367343902587891 0.60259187221527099609 2.0546541213989257812 1.199565887451171875 4.385593414306640625 3.6470482349395751953 1.6216384172439575195 1.3643099069595336914 1.4037054777145385742 2.0191326141357421875 3.3984575271606445312 1.9112259149551391602 2.6626195907592773438 1.2629911899566650391
3.0065639019012451172 2.3420193195343017578 1.4429805278778076172 1.67829132080078125 2.4727635383605957031 2.596508026123046875 2.5015583038330078125 1.9610745906829833984 0.81615197658538818359 2.0755636692047119141 2.4424884319305419922 1.8714148998260498047 1.9565471410751342773 3.462696075439453125 1.5975847244262695312 3.0736196041107177734 1.2290991544723510742 1.0594105720520019531 2.4880335330963134766 1.6120935678482055664 2.3501598834991455078 1.7613238096237182617 1.13072967529296875 2.2693760395050048828 2.6391091346740722656 2.0837981700897216797 1.2137316465377807617 1.0364596843719482422 0.94753783941268920898 1.8707996606826782227 1.46373748779296875 1.2175581455230712891 1.680203557014465332 2.8989913463592529297 2.7623379230499267578 1.6301876306533813477 1.0801627635955810547 1.1817923784255981445 1.4544904232025146484 3.3001699447631835938 2.2318463325500488281 2.1434969902038574219 2.179126739501953125
3.1709070205688476562 4.1135072708129882812 1.2354543209075927734 2.9531762599945068359 2.4775753021240234375 2.8067178726196289062 2.8688917160034179688 1.6033078432083129883 1.7466347217559814453 2.9066758155822753906 2.844486236572265625 1.395161747932434082 0.66831099987030029297 1.5447047948837280273 2.0619378089904785156 3.9354419708251953125 0.98215901851654052734 1.6609063148498535156 2.1782171726226806641 1.323395848274230957 2.3028509616851806641 1.7385208606719970703 1.1935100555419921875 2.5461590290069580078 2.8219068050384521484 2.0151317119598388672 2.2298667430877685547 1.6237034797668457031 2.3019626140594482422 3.3737864494323730469 2.526401519775390625 2.7109122276306152344 1.977078557014465332 1.9289488792419433594 3.3282420635223388672 1.5761660337448120117 1.2425566911697387695 1.7935127019882202148 3.0111653804779052734 2.1972692012786865234 1.557509303092956543 2.0874981880187988281 1.6357226371765136719
1.8832650184631347656 3.8131871223449707031 1.2742829322814941406 1.7768754959106445312 1.8932520151138305664 3.5964198112487792969 2.59832000732421875 0.92356538772583007812 2.8116581439971923828 2.4370014667510986328 2.5923922061920166016 1.2766196727752685547 1.3840311765670776367 1.5678324699401855469 2.0450301170349121094 2.5017964839935302734 0.71838665008544921875 1.9636273384094238281 3.3420560359954833984 2.2659749984741210938 2.8443346023559570312 0.87607282400131225586 2.3244965076446533203 1.7015128135681152344 2.6849083900451660156 2.8134975433349609375 3.0104863643646240234 2.9095771312713623047 3.7788431644439697266 3.5728616714477539062 2.2855579853057861328 3.177455902099609375 2.4100630283355712891 2.4719381332397460938 4.7895054817199707031 1.8165205717086791992 1.2892656326293945312 2.2066528797149658203 2.9212927818298339844 1.7319793701171875 1.9490993022918701172 3.1793045997619628906 0.95468240976333618164
1.2167476415634155273 1.6803025007247924805 1.4806363582611083984 1.4144988059997558594 1.7896789312362670898 3.9612698554992675781 2.2564706802368164062 1.0895088911056518555 1.3114134073257446289 1.4308110475540161133 1.9812425374984741211 1.7909198999404907227 2.9201796054840087891 2.549205780029296875 1.8338620662689208984 3.6414840221405029297 1.1505563259124755859 2.404636383056640625 2.4026446342468261719 2.6260201930999755859 2.2582271099090576172 1.5735895633697509766 2.0800540447235107422 1.1588448286056518555 2.6686305999755859375 2.3495929241180419922 4.2050876617431640625 2.3679606914520263672 2.7019822597503662109 2.0117535591125488281 1.6595542430877685547 3.3221259117126464844 2.4603235721588134766 2.4464952945709228516 3.2315557003021240234 3.2572360038757324219 2.5270338058471679688 2.5709872245788574219 2.89739227294921875 2.6499543190002441406 1.2657319307327270508 3.9549403190612792969 0.99330025911331176758
1.2812809944152832031 0.93688195943832397461 0.97654807567596435547 1.5063836574554443359 2.1526796817779541016 2.5533983707427978516 1.7573217153549194336 2.0335009098052978516 1.1560084819793701172 1.5440945625305175781 1.9412999153137207031 2.4358766078948974609 3.1903479099273681641 4.1150984764099121094 1.5330257415771484375 6.6971840858459472656 1.4279787540435791016 2.8153538703918457031 5.2160964012145996094 2.2053167819976806641 1.7687444686889648438 2.59358978271484375 1.8837178945541381836 0.9284687042236328125 2.9604897499084472656 1.9394947290420532227 2.4960927963256835938 0.74826258420944213867 1.5755525827407836914 2.0000734329223632812 2.6565220355987548828 2.3221266269683837891 1.5758147239685058594 1.1802875995635986328 1.1702198982238769531 2.3615927696228027344 2.0223484039306640625 2.9712629318237304688 3.9265947341918945312 3.9574747085571289062 2.4605233669281005859 3.1682541370391845703 1.6143244504928588867
2.2564585208892822266 0.93634843826293945312 1.0040911436080932617 1.6961485147476196289 2.3196761608123779297 2.1459748744964599609 1.6970889568328857422 1.9058145284652709961 1.2120795249938964844 2.0970835685729980469 2.3093960285186767578 1.3519062995910644531 2.9555659294128417969 3.9861938953399658203 1.5648360252380371094 2.9933595657348632812 1.7694828510284423828 4.2822408676147460938 4.6752328872680664062 1.6976875066757202148 1.5550911426544189453 2.8614206314086914062 1.4019547700881958008 0.87796646356582641602 3.2411832809448242188 1.1305922269821166992 0.93707674741744995117 1.5839781761169433594 2.3005502223968505859 2.4664423465728759766 1.429701685905456543 2.3880665302276611328 1.396484375 2.3693106174468994141 0.62769412994384765625 2.2845861911773681641 2.1152470111846923828 2.0418388843536376953 1.7364333868026733398 2.5977678298950195312 2.8940668106079101562 2.7205111980438232422 2.5896348953247070312
