Forest_LCP_Outputs/Forest_slope.asc
ncols        230
nrows        180
xllcorner    -120.054305556000
yllcorner    38.897361110946
cellsize     0.000277777778
NODATA_value -9999
[rows 72 to 89 of 180, columns 160 to 199 of 230]
2.0773551464080810547 2.6346948146820068359 6.6915502548217773438 1.9234843254089355469 7.2732791900634765625 6.861530303955078125 4.8112444877624511719 5.2760863304138183594 6.4668831825256347656 5.6583995819091796875 5.4802184104919433594 6.5498800277709960938 8.9920520782470703125 10.533467292785644531 7.888523101806640625 6.3894948959350585938 6.4688568115234375 2.6391046047210693359 3.8428318500518798828 5.8610258102416992188 4.470180511474609375 12.121180534362792969 16.15389251708984375 11.460531234741210938 4.8318071365356445312 2.5512194633483886719 6.3763804435729980469 7.0226178169250488281 7.0227522850036621094 4.490520477294921875 4.4919290542602539062 5.104766845703125 7.178676605224609375 11.531390190124511719 12.620004653930664062 10.433678627014160156 5.2770671844482421875 3.1185696125030517578 3.8352105617523193359 2.2307419776916503906
12.056630134582519531 8.3465623855590820312 5.7982835769653320312 3.8415594100952148438 6.7738232612609863281 7.9596629142761230469 3.840160369873046875 4.1733417510986328125 4.8499155044555664062 5.2796869277954101562 5.752803802490234375 4.9597859382629394531 3.9499266147613525391 3.8350324630737304688 4.5467538833618164062 4.7132282257080078125 3.8455896377563476562 4.8322529792785644531 4.1614322662353515625 5.4802184104919433594 5.2798833847045898438 8.4701147079467773438 13.726545333862304688 11.78379058837890625 7.4322519302368164062 1.9234843254089355469 3.8327233791351318359 6.3762927055358886719 7.0225272178649902344 4.6068468093872070312 3.9499266147613525391 6.1204681396484375 5.2798867225646972656 7.9149641990661621094 9.2343120574951171875 10.209544181823730469 10.278585433959960938 6.690906524658203125 3.1940362453460693359 5.2759861946105957031
13.374500274658203125 14.134699821472167969 13.899654388427734375 13.100867271423339844 12.921153068542480469 13.42095184326171875 9.652484893798828125 8.1505327224731445312 6.8906855583190917969 5.752895355224609375 4.5440702438354492188 4.1596579551696777344 1.9747713804244995117 3.6762135028839111328 3.8426961898803710938 3.2218625545501708984 2.2311494350433349609 5.7354006767272949219 8.0529346466064453125 2.8675758838653564453 4.4758172035217285156 7.0344681739807128906 9.2759180068969726562 7.8885760307312011719 7.2429485321044921875 6.3925724029541015625 3.6759264469146728516 5.0941376686096191406 6.4405798912048339844 3.2198979854583740234 4.2354798316955566406 7.05136871337890625 2.5523028373718261719 2.8657364845275878906 2.5512180328369140625 7.4303269386291503906 12.418035507202148438 8.5585803985595703125 6.4668831825256347656 9.6091480255126953125
11.506807327270507812 14.699286460876464844 15.841399192810058594 13.429646492004394531 13.420784950256347656 12.760920524597167969 12.006251335144042969 11.024158477783203125 8.4971103668212890625 5.7969660758972167969 3.9486458301544189453 5.73303985595703125 5.4404482841491699219 0.80749750137329101562 6.0630049705505371094 3.9501268863677978516 2.2297310829162597656 5.2786998748779296875 11.372869491577148438 9.2455358505249023438 4.2351932525634765625 7.2417364120483398438 7.1084356307983398438 3.9502480030059814453 2.2313141822814941406 4.4717736244201660156 4.7130417823791503906 5.1445908546447753906 6.3771686553955078125 2.5524716377258300781 5.095767974853515625 7.3245496749877929688 3.6761775016784667969 5.1050906181335449219 3.2319810390472412109 3.1175549030303955078 10.270494461059570312 7.1084356307983398438 7.3456931114196777344 10.208612442016601562
9.3110284805297851562 7.1788544654846191406 2.6320021152496337891 5.4409761428833007812 8.3520364761352539062 4.6068468093872070312 6.0847792625427246094 7.6870427131652832031 9.894710540771484375 7.8034005165100097656 2.2294945716857910156 3.8327233791351318359 6.3762927055358886719 3.23294830322265625 6.6908349990844726562 0.65871900320053100586 6.4405798912048339844 5.1504387855529785156 11.192758560180664062 14.982190132141113281 10.424086570739746094 9.8966283798217773438 7.0346369743347167969 4.8499155044555664062 3.2293951511383056641 0.80749750137329101562 1.611571192741394043 1.6093566417694091797 4.6068468093872070312 3.8428318500518798828 0.65972894430160522461 6.4626078605651855469 8.5056924819946289062 7.8377485275268554688 7.0231409072875976562 4.0432081222534179688 6.4425444602966308594 2.8678059577941894531 6.1187448501586914062 7.4294753074645996094
3.8333477973937988281 10.931292533874511719 9.6108083724975585938 5.8626828193664550781 3.1165399551391601562 2.8758480548858642578 2.8761687278747558594 6.4401340484619140625 13.508134841918945312 9.9455766677856445312 1.3199560642242431641 0.65703618526458740234 4.606967926025390625 3.6740083694458007812 2.8675758838653564453 1.97457122802734375 8.6593685150146484375 10.713974952697753906 12.45572662353515625 22.518848419189453125 20.33264923095703125 14.749969482421875 8.4206132888793945312 6.2595720291137695312 6.3896498680114746094 4.4691481590270996094 1.6159808635711669922 3.1941859722137451172 5.6585969924926757812 7.7740936279296875 7.4295825958251953125 3.2198979854583740234 3.3975055217742919922 2.6346948146820068359 5.1969389915466308594 1.9229357242584228516 5.26798248291015625 2.0875673294067382812 6.2864279747009277344 5.8422198295593261719
9.6359624862670898438 11.832327842712402344 3.2914149761199951172 3.5121626853942871094 4.7115521430969238281 4.710880279541015625 2.8659665584564208984 7.3181853294372558594 13.508134841918945312 9.9453363418579101562 1.6159807443618774414 3.1940362453460693359 3.9566380977630615234 3.8401863574981689453 1.3154371976852416992 1.6091110706329345703 9.879474639892578125 18.12197113037109375 13.049315452575683594 28.201585769653320312 32.542186737060546875 20.935613632202148438 8.6612615585327148438 1.3163282871246337891 3.219501495361328125 4.8300385475158691406 1.6091110706329345703 4.6946978569030761719 4.1614322662353515625 5.1035275459289550781 10.534467697143554688 7.898456573486328125 5.6583995819091796875 8.3120355606079101562 6.4610013961791992188 5.733646392822265625 5.197193145751953125 1.9746500253677368164 5.7335615158081054688 5.7446732521057128906
6.2864279747009277344 6.4398884773254394531 2.8758480548858642578 2.0791311264038085938 3.9593515396118164062 5.7664608955383300781 7.1084842681884765625 7.4307622909545898438 9.9455766677856445312 8.4680843353271484375 2.0857183933258056641 2.2306706905364990234 4.8122396469116210938 8.3326282501220703125 6.5514392852783203125 4.1748709678649902344 6.7657265663146972656 20.933252334594726562 13.053943634033203125 18.776182174682617188 33.42099761962890625 25.511907577514648438 14.781695365905761719 8.3489160537719726562 4.8518896102905273438 3.5117201805114746094 1.6091110706329345703 4.1580080986022949219 5.2596025466918945312 0.80749720335006713867 8.320682525634765625 8.4191102981567382812 5.75341033935546875 7.0346155166625976562 3.6741678714752197266 7.6677465438842773438 6.3781995773315429688 2.4246618747711181641 1.3163282871246337891 4.8518896102905273438
4.8112444877624511719 5.4644460678100585938 4.1557245254516601562 7.0345935821533203125 10.435337066650390625 11.026112556457519531 7.0472264289855957031 2.6329720020294189453 5.7328934669494628906 8.085773468017578125 4.5440702438354492188 3.1165399551391601562 15.090246200561523438 15.999583244323730469 12.799135208129882812 10.211258888244628906 2.6346948146820068359 12.904532432556152344 21.056529998779296875 12.620757102966308594 22.347381591796875 21.398939132690429688 14.336638450622558594 10.301305770874023438 7.689800262451171875 3.195384979248046875 0.80769485235214233398 0.65960770845413208008 5.1061735153198242188 5.7995219230651855469 2.0773551464080810547 6.3762927055358886719 2.8762147426605224609 4.812778472900390625 3.6739723682403564453 8.3321752548217773438 8.9918832778930664062 7.3461365699768066406 6.1206836700439453125 4.2360682487487792969
5.2653689384460449219 6.0611572265625 8.351593017578125 9.9455766677856445312 6.3771686553955078125 2.8781559467315673828 5.1969389915466308594 8.3327274322509765625 11.365301132202148438 14.358682632446289062 12.620004653930664062 13.018991470336914062 20.933202743530273438 12.279605865478515625 4.2354421615600585938 9.3534250259399414062 8.3536138534545898438 3.3961696624755859375 10.941127777099609375 10.739538192749023438 10.536360740661621094 13.892258644104003906 11.70661163330078125 10.876924514770507812 10.279494285583496094 7.0518779754638671875 1.3205552101135253906 5.9247026443481445312 7.3509836196899414062 10.849927902221679688 7.0231499671936035156 2.2297310829162597656 2.6381893157958984375 5.2667708396911621094 3.9575374126434326172 5.7654857635498046875 7.0704908370971679688 7.6828160285949707031 9.6256160736083984375 7.764469146728515625
7.6669621467590332031 6.2861738204956054688 8.0502290725708007812 10.826145172119140625 8.5569782257080078125 3.6739723682403564453 9.2761592864990234375 14.013126373291015625 9.983020782470703125 12.921326637268066406 12.761076927185058594 14.991831779479980469 22.552562713623046875 21.092975616455078125 16.168886184692382812 12.922010421752929688 10.288881301879882812 4.7114496231079101562 5.1430153846740722656 5.7970104217529296875 2.0862240791320800781 6.6917867660522460938 8.5595922470092773438 10.82857513427734375 13.606700897216796875 8.3144941329956054688 2.6330931186676025391 9.2437105178833007812 5.766597747802734375 8.421939849853515625 9.8762359619140625 5.1061735153198242188 3.5132055282592773438 4.2357811927795410156 2.4262409210205078125 6.3916883468627929688 8.3811540603637695312 8.9423151016235351562 4.6098608970642089844 4.1731505393981933594
9.4905462265014648438 5.2578477859497070312 4.4589323997497558594 8.5999670028686523438 8.6001138687133789062 3.9485247135162353516 6.7681121826171875 14.904887199401855469 7.67331695556640625 7.6717534065246582031 10.188117027282714844 8.6593685150146484375 9.8949499130249023438 12.15419769287109375 13.047420501708984375 11.507174491882324219 11.13507080078125 8.952732086181640625 8.3313350677490234375 6.6889429092407226562 2.2287786006927490234 3.8346488475799560547 6.4420986175537109375 10.979526519775390625 14.549602508544921875 7.8887963294982910156 2.6283428668975830078 7.6667838096618652344 5.1036834716796875 3.9499266147613525391 5.8439569473266601562 6.1215109825134277344 5.4672040939331054688 4.6096606254577636719 4.4707546234130859375 9.2169923782348632812 12.133569717407226562 10.964140892028808594 8.3123826980590820312 6.0617499351501464844
7.8865175247192382812 4.4906964302062988281 4.5440702438354492188 8.919025421142578125 9.0604085922241210938 4.4588608741760253906 2.0793848037719726562 10.537178993225097656 11.006922721862792969 12.220918655395507812 11.524325370788574219 6.3912730216979980469 0.65851837396621704102 5.752849578857421875 8.3786039352416992188 6.8910160064697265625 6.46105194091796875 5.2762675285339355469 9.8879213333129882812 9.2429342269897460938 4.9598393440246582031 7.6572313308715820312 8.3327274322509765625 7.9612860679626464844 9.6632757186889648438 8.9852857589721679688 5.1063299179077148438 3.23294830322265625 7.9147825241088867188 5.4802184104919433594 2.5523028373718261719 4.6944451332092285156 4.6948676109313964844 3.2221577167510986328 1.6091110706329345703 9.0611505508422851562 10.270494461059570312 4.173213958740234375 6.3763804435729980469 4.8121399879455566406
7.6559915542602539062 7.178676605224609375 5.7968282699584960938 9.2739849090576171875 8.9718790054321289062 7.0696158409118652344 5.2762675285339355469 0.80947101116180419922 7.2773408889770507812 9.81726837158203125 7.0711393356323242188 2.8684105873107910156 8.60172271728515625 7.3462262153625488281 9.0894823074340820312 6.4598994255065917969 1.3152369260787963867 3.2914149761199951172 7.3181853294372558594 6.3762927055358886719 5.7531704902648925781 7.021709442138671875 5.1446299552917480469 2.2306706905364990234 3.8426699638366699219 7.0359425544738769531 9.4016675949096679688 7.4322519302368164062 2.5527813434600830078 3.6586210727691650391 0.001285785110667347908 3.2218625545501708984 3.9512174129486083984 4.8138928413391113281 2.0793848037719726562 6.7745733261108398438 10.209852218627929688 11.825277328491210938 10.118659019470214844 8.3536329269409179688
3.8400149345397949219 6.0610914230346679688 7.8034005165100097656 6.7658329010009765625 4.4691481590270996094 7.8360075950622558594 9.6345548629760742188 9.060161590576171875 6.3771686553955078125 7.6577095985412597656 6.4688568115234375 9.5545320510864257812 12.471233367919921875 6.3778843879699707031 6.1187448501586914062 9.3513956069946289062 7.4305491447448730469 7.071269989013671875 6.3912730216979980469 2.6392042636871337891 2.2313141822814941406 2.5537092685699462891 4.4778170585632324219 4.961948394775390625 3.2318081855773925781 3.9512174129486083984 7.6896343231201171875 13.049692153930664062 14.235138893127441406 10.120432853698730469 6.0303168296813964844 4.5467538833618164062 4.5466375350952148438 6.7765955924987792969 5.735713958740234375 1.0391852855682373047 3.3962473869323730469 7.0205078125 7.6826443672180175781 19.89406585693359375
2.0771014690399169922 7.2732791900634765625 9.8798093795776367188 5.2575969696044921875 2.0796384811401367188 0.80749750137329101562 9.8797283172607421875 11.956419944763183594 8.351612091064453125 6.7657265663146972656 0.65960770845413208008 10.979722976684570312 14.174966812133789062 7.3247075080871582031 8.3215456008911132812 14.6463775634765625 10.532956123352050781 8.3126678466796875 8.1086893081665039062 8.1524906158447265625 8.3489160537719726562 8.0858249664306640625 7.6990671157836914062 7.0723137855529785156 5.9263043403625488281 4.0434055328369140625 10.407767295837402344 15.1816558837890625 16.969438552856445312 15.679390907287597656 12.156966209411621094 7.689800262451171875 5.1513347625732421875 7.2429485321044921875 7.6842699050903320312 6.8925142288208007812 6.5972485542297363281 7.9602332115173339844 3.6604421138763427734 20.747026443481445312
3.2912149429321289062 6.4406294822692871094 9.8798093795776367188 6.2864279747009277344 3.3981263637542724609 4.8518896102905273438 8.9199771881103515625 9.8795557022094726562 7.0491247177124023438 7.1069517135620117188 6.4668831825256347656 8.3224573135375976562 9.4928302764892578125 7.689800262451171875 10.289021492004394531 14.646612167358398438 9.6248579025268554688 7.7641773223876953125 7.0711393356323242188 6.5519556999206542969 6.4626078605651855469 3.9593515396118164062 1.9234843254089355469 5.2596025466918945312 5.4429726600646972656 3.8414690494537353516 8.6593685150146484375 4.8302884101867675781 3.5132055282592773438 8.602474212646484375 9.8761148452758789062 9.6372442245483398438 7.0357952117919921875 6.5845050811767578125 5.8634052276611328125 7.8379502296447753906 9.8170900344848632812 13.343203544616699219 4.7123708724975585938 15.609780311584472656
5.1444115638732910156 5.2663807868957519531 8.4684610366821289062 8.4684610366821289062 5.7448258399963378906 5.755157470703125 2.6330931186676025391 7.3221487998962402344 6.4515581130981445312 6.5496850013732910156 8.5040426254272460938 6.0849528312683105469 0.80947130918502807617 6.0869193077087402344 7.0220990180969238281 10.076204299926757812 7.3179888725280761719 5.7328934669494628906 5.1036834716796875 5.4809851646423339844 7.6573877334594726562 7.1797356605529785156 5.75341033935546875 3.8415331840515136719 2.2311494350433349609 1.9747713804244995117 4.4691481590270996094 10.118357658386230469 11.733582496643066406 6.550006866455078125 2.2313859462738037109 7.9012703895568847656 9.5542974472045898438 6.7678589820861816406 0.65851837396621704102 3.6596515178680419922 3.1942143440246582031 11.370991706848144531 10.1910247802734375 14.48448944091796875
