Forest_LCP_Outputs/Forest_slope.asc
ncols        230
nrows        180
xllcorner    -120.054305556000
yllcorner    38.897361110946
cellsize     0.000277777778
NODATA_value -9999
[rows 162 to 179 of 180, columns 160 to 199 of 230]
11.21826934814453125 6.4668831825256347656 1.9753617048263549805 1.3198564052581787109 3.2930166721343994141 3.8428416252136230469 2.8777894973754882812 2.6348950862884521484 3.1188232898712158203 1.921824336051940918 5.9250926971435546875 9.07718658447265625 7.34938812255859375 7.346500396728515625 15.922277450561523438 12.483481407165527344 6.4515581130981445312 6.1186337471008300781 5.7984209060668945312 16.584028244018554688 17.512865066528320312 9.8752241134643554688 5.1498012542724609375 4.4762487411499023438 5.2800831794738769531 7.6558365821838378906 9.7324800491333007812 7.3490653038024902344 13.411718368530273438 17.329620361328125 18.256456375122070312 15.360204696655273438 14.040886878967285156 13.343840599060058594 5.7660346031188964844 2.8667397499084472656 5.4669871330261230469 6.389659881591796875 3.3980486392974853516 1.039946436882019043
17.99935150146484375 15.951649665832519531 7.2402558326721191406 1.6088654994964599609 1.6118167638778686523 1.9762516021728515625 1.320473790168762207 10.189429283142089844 12.83544158935546875 9.652484893798828125 9.07718658447265625 13.825277328491210938 12.006690025329589844 13.589878082275390625 18.049564361572265625 14.068999290466308594 11.608952522277832031 11.872727394104003906 13.635822296142578125 20.408174514770507812 18.606397628784179688 9.69150543212890625 6.5500473976135253906 6.7929682731628417969 6.8908190727233886719 7.6814169883728027344 8.41892242431640625 7.8364114761352539062 14.483278274536132812 13.561581611633300781 10.9258575439453125 12.520544052124023438 10.189844131469726562 7.2419366836547851562 1.9219902753829956055 4.607769012451171875 8.0873651504516601562 6.4530291557312011719 4.7106943130493164062 6.0277643203735351562
13.589441299438476562 21.883394241333007812 18.702524185180664062 9.8155517578125 6.4668831825256347656 4.4757876396179199219 2.8762147426605224609 24.2501373291015625 20.419864654541015625 19.219537734985351562 13.77288818359375 16.308803558349609375 14.757475852966308594 18.297328948974609375 19.497844696044921875 14.512422561645507812 13.047420501708984375 15.179754257202148438 18.903841018676757812 23.004220962524414062 18.513996124267578125 11.825382232666015625 9.1317586898803710938 5.7532162666320800781 3.3955485820770263672 7.0491247177124023438 5.4402647018432617188 2.2309072017669677734 9.062580108642578125 10.537178993225097656 5.2680616378784179688 2.6383707523345947266 5.6585969924926757812 4.0414319038391113281 3.2303748130798339844 4.8497180938720703125 8.9408693313598632812 9.6104116439819335938 8.3466901779174804688 9.2343120574951171875
9.4265203475952148438 17.91988372802734375 25.56276702880859375 22.603452682495117188 18.056598663330078125 14.899991035461425781 12.976511955261230469 35.047496795654296875 25.722352981567382812 25.432233810424804688 25.953945159912109375 23.923147201538085938 23.220262527465820312 20.163784027099609375 16.178621292114257812 12.627446174621582031 12.541227340698242188 17.758142471313476562 27.76282501220703125 31.7023468017578125 25.892229080200195312 19.842624664306640625 15.549184799194335938 9.6091480255126953125 5.1429758071899414062 7.3221487998962402344 6.3760657310485839844 1.3181232213973999023 4.8322529792785644531 8.2929630279541015625 9.0628271102905273438 7.888523101806640625 5.2768855094909667969 7.6972775459289550781 10.189766883850097656 10.224579811096191406 10.299601554870605469 9.573516845703125 5.6585969924926757812 1.9208925962448120117
13.048056602478027344 16.581104278564453125 24.325239181518554688 26.560155868530273438 24.787036895751953125 23.172954559326171875 21.249673843383789062 33.8766937255859375 23.400114059448242188 14.964941978454589844 20.450326919555664062 26.750619888305664062 29.199014663696289062 24.7943572998046875 21.045213699340820312 19.81371307373046875 22.049955368041992188 27.705804824829101562 33.9204559326171875 31.221599578857421875 24.342327117919921875 22.444000244140625 19.466184616088867188 14.204562187194824219 7.6814432144165039062 8.3786497116088867188 10.912463188171386719 9.4227571487426757812 9.2350301742553710938 12.776411056518554688 14.780292510986328125 14.127763748168945312 11.724061012268066406 12.797254562377929688 14.900708198547363281 14.157214164733886719 14.952383041381835938 14.043613433837890625 9.2165021896362304688 8.9216327667236328125
21.15131378173828125 22.438203811645507812 22.009798049926757812 19.496519088745117188 21.1389923095703125 26.631650924682617188 26.40296173095703125 26.198299407958984375 20.256631851196289062 12.273636817932128906 14.840588569641113281 21.808393478393554688 23.065120697021484375 24.125379562377929688 29.93119049072265625 35.814456939697265625 38.8251800537109375 36.78157806396484375 31.221599578857421875 20.163784027099609375 14.681471824645996094 17.843282699584960938 19.73966217041015625 17.20087432861328125 8.2950382232666015625 8.083850860595703125 11.004279136657714844 10.406003952026367188 12.220426559448242188 19.164825439453125 21.143014907836914062 19.049432754516601562 16.21573638916015625 14.092623710632324219 12.273711204528808594 10.118212699890136719 12.155325889587402344 14.780254364013671875 17.560152053833007812 19.811542510986328125
16.269071578979492188 10.11846160888671875 16.708444595336914062 7.9594311714172363281 11.532487869262695312 20.238067626953125 24.66326904296875 24.115234375 24.987089157104492188 21.928478240966796875 22.797830581665039062 24.889509201049804688 21.05762481689453125 20.59967041015625 27.546537399291992188 36.173328399658203125 38.99169921875 35.17191314697265625 25.891397476196289062 15.676843643188476562 18.318607330322265625 14.902477264404296875 15.516119003295898438 20.12326812744140625 14.951175689697265625 10.118357658386230469 9.6345548629760742188 7.6870427131652832031 14.993251800537109375 24.358428955078125 21.093963623046875 14.882191658020019531 10.22496795654296875 6.0849761962890625 2.0859096050262451172 2.2304401397705078125 6.4425940513610839844 9.3883867263793945312 17.685358047485351562 26.503299713134765625
1.3169189691543579102 12.507922172546386719 20.3253021240234375 5.7545514106750488281 17.740909576416015625 15.317151069641113281 17.754863739013671875 24.676294326782226562 27.272058486938476562 27.17375946044921875 33.538410186767578125 34.513263702392578125 27.398180007934570312 23.325399398803710938 26.300296783447265625 26.889957427978515625 23.747760772705078125 24.794315338134765625 25.066209793090820312 25.381500244140625 26.444538116455078125 15.79824066162109375 12.760920524597167969 16.839580535888671875 14.681309700012207031 10.298577308654785156 11.046629905700683594 8.3464984893798828125 19.670660018920898438 27.827474594116210938 15.962738037109375 9.652484893798828125 6.3895058631896972656 5.8415617942810058594 6.3771686553955078125 8.9387359619140625 14.042108535766601562 16.625947952270507812 21.440311431884765625 29.314250946044921875
7.2411465644836425781 16.582489013671875 12.881993293762207031 9.2759180068969726562 24.611497879028320312 23.666263580322265625 24.297481536865234375 28.369945526123046875 29.603183746337890625 32.67436981201171875 38.163421630859375 37.045276641845703125 34.77930450439453125 30.200519561767578125 28.211149215698242188 24.264219284057617188 17.921001434326171875 14.551720619201660156 20.505214691162109375 28.475229263305664062 29.311573028564453125 18.141986846923828125 11.369771957397460938 13.107791900634765625 10.8822174072265625 7.1067667007446289062 10.232318878173828125 10.560651779174804688 18.2079925537109375 22.637594223022460938 6.236377716064453125 5.8417234420776367188 7.0499334335327148438 7.4510645866394042969 10.670380592346191406 15.744131088256835938 21.885906219482421875 23.750627517700195312 27.456211090087890625 32.370624542236328125
2.6320021152496337891 14.140130996704101562 21.693349838256835938 24.53206634521484375 33.4188079833984375 34.338653564453125 32.6270904541015625 30.663360595703125 30.501506805419921875 32.209239959716796875 35.097301483154296875 32.5879058837890625 32.488361358642578125 30.428155899047851562 27.720079421997070312 25.49431610107421875 19.05356597900390625 12.520352363586425781 17.843282699584960938 28.9200897216796875 28.103221893310546875 17.683574676513671875 11.458506584167480469 13.045195579528808594 9.660816192626953125 5.2798585891723632812 8.9527025222778320312 9.920696258544921875 10.278585433959960938 13.726545333862304688 8.499584197998046875 10.233956336975097656 8.2964181900024414062 3.2912938594818115234 12.495335578918457031 24.690227508544921875 26.446987152099609375 20.579319000244140625 21.440311431884765625 25.369770050048828125
16.865386962890625 25.639385223388671875 32.746707916259765625 38.134746551513671875 44.0748291015625 40.213191986083984375 32.62297821044921875 29.992589950561523438 31.293722152709960938 34.66294097900390625 38.34600067138671875 33.560924530029296875 29.399585723876953125 28.769012451171875 29.484445571899414062 29.492223739624023438 25.255041122436523438 22.35132598876953125 23.664575576782226562 32.417781829833984375 32.43013763427734375 18.720258712768554688 10.930271148681640625 14.694256782531738281 10.930271148681640625 6.4610013961791992188 8.107738494873046875 9.0894823074340820312 4.4760823249816894531 5.259822845458984375 4.4778170585632324219 7.6827516555786132812 5.8625707626342773438 6.5516338348388671875 18.799839019775390625 33.4327392578125 30.600666046142578125 17.498964309692382812 15.51889801025390625 17.529226303100585938
36.941242218017578125 38.260692596435546875 35.814487457275390625 39.56732177734375 42.4246978759765625 36.84967041015625 30.92235565185546875 32.62328338623046875 39.5713653564453125 45.404148101806640625 46.051639556884765625 39.65116119384765625 36.74980926513671875 37.42070770263671875 37.70873260498046875 34.67650604248046875 31.340639114379882812 33.47971343994140625 31.289422988891601562 33.5730133056640625 41.472995758056640625 32.5823516845703125 27.173061370849609375 28.080780029296875 21.155941009521484375 9.756427764892578125 7.7749872207641601562 8.5565776824951171875 6.4401340484619140625 1.9236215353012084961 4.4707546234130859375 11.705209732055664062 13.940525054931640625 21.688495635986328125 31.906251907348632812 33.275791168212890625 27.3301849365234375 16.741842269897460938 14.042267799377441406 11.372660636901855469
45.434841156005859375 45.802768707275390625 43.049922943115234375 39.650905609130859375 36.362705230712890625 32.087474822998046875 31.837137222290039062 38.44196319580078125 47.301120758056640625 47.86756134033203125 41.39380645751953125 37.318790435791015625 40.0494537353515625 44.4777374267578125 42.447803497314453125 34.208660125732421875 30.818439483642578125 37.868206024169921875 34.23113250732421875 29.992021560668945312 39.58902740478515625 39.37184906005859375 33.132778167724609375 33.6804962158203125 27.886531829833984375 14.951466560363769531 6.0276765823364257812 11.458393096923828125 11.781910896301269531 5.2818508148193359375 7.0345935821533203125 17.559259414672851562 17.910013198852539062 26.951299667358398438 28.137868881225585938 16.617090225219726562 18.123950958251953125 17.56500244140625 12.133569717407226562 9.2364635467529296875
37.27498626708984375 36.362880706787109375 36.115020751953125 38.8251800537109375 37.836132049560546875 33.967357635498046875 33.561206817626953125 39.56578826904296875 45.731903076171875 39.713520050048828125 30.07660675048828125 27.546253204345703125 33.13350677490234375 39.379116058349609375 38.3470306396484375 32.62200927734375 29.467916488647460938 35.239513397216796875 33.447479248046875 23.039861679077148438 22.228822708129882812 25.842700958251953125 28.023565292358398438 29.641256332397460938 22.95072174072265625 13.728364944458007812 11.956473350524902344 19.440185546875 17.115976333618164062 11.367452621459960938 10.1910247802734375 17.20998382568359375 17.93310546875 27.458761215209960938 24.056621551513671875 14.966958045959472656 18.155595779418945312 24.584718704223632812 13.456116676330566406 9.3131122589111328125
33.3586273193359375 30.819499969482421875 31.355998992919921875 37.910068511962890625 42.061702728271484375 42.35930633544921875 42.303272247314453125 48.0526580810546875 54.2424774169921875 46.77019500732421875 37.836200714111328125 32.43170928955078125 32.911708831787109375 29.76508331298828125 31.907499313354492188 36.147350311279296875 30.935762405395507812 30.19802093505859375 33.289764404296875 25.46221160888671875 16.102626800537109375 20.0067596435546875 32.304718017578125 33.730968475341796875 23.900251388549804688 17.050901412963867188 20.15442657470703125 25.510089874267578125 20.913692474365234375 15.362177848815917969 14.5908203125 16.086711883544921875 22.36690521240234375 31.851924896240234375 27.176609039306640625 16.777036666870117188 20.097042083740234375 21.429370880126953125 7.6896343231201171875 4.7125568389892578125
36.66143035888671875 38.536144256591796875 42.224498748779296875 44.98812103271484375 45.129180908203125 46.826702117919921875 48.264522552490234375 55.952762603759765625 63.8305816650390625 57.653919219970703125 52.211151123046875 45.321842193603515625 35.7443389892578125 21.926700592041015625 30.56534576416015625 41.03990936279296875 34.377429962158203125 29.618246078491210938 35.331272125244140625 33.34105682373046875 20.415327072143554688 19.13236236572265625 33.622509002685546875 40.662353515625 30.428293228149414062 22.978939056396484375 22.53873443603515625 26.267595291137695312 23.399364471435546875 15.978629112243652344 18.625 22.858594894409179688 26.951618194580078125 32.383075714111328125 26.267595291137695312 12.321057319641113281 9.0920495986938476562 6.8638768196105957031 4.4762487411499023438 4.0414319038391113281
45.452228546142578125 49.402797698974609375 51.29109954833984375 51.72075653076171875 49.332683563232421875 47.622554779052734375 46.96379852294921875 54.387554168701171875 57.5290679931640625 42.638622283935546875 33.875041961669921875 27.944072723388671875 18.313678741455078125 18.720010757446289062 32.254058837890625 40.0259552001953125 34.312343597412109375 28.336673736572265625 38.21038055419921875 42.8743438720703125 28.601995468139648438 23.900251388549804688 34.714298248291015625 45.141262054443359375 35.04627227783203125 19.164838790893554688 13.475811958312988281 21.539426803588867188 23.758657455444335938 12.155697822570800781 14.608937263488769531 20.467802047729492188 21.751371383666992188 25.230794906616210938 20.701507568359375 7.6580181121826171875 3.9583709239959716797 2.2287786006927490234 3.9568378925323486328 4.6082487106323242188
-9999 -9999 -9999 -9999 -9999 -9999 -9999 -9999 -9999 -9999 -9999 -9999 -9999 -9999 -9999 -9999 -9999 -9999 -9999 -9999 -9999 -9999 -9999 -9999 -9999 -9999 -9999 -9999 -9999 -9999 -9999 -9999 -9999 -9999 -9999 -9999 -9999 -9999 -9999 -9999
