Forest_LCP_Outputs/Forest_slope.asc
ncols        230
nrows        180
xllcorner    -120.054305556000
yllcorner    38.897361110946
cellsize     0.000277777778
NODATA_value -9999
[rows 144 to 161 of 180, columns 40 to 79 of 230]
13.561631202697753906 9.6103830337524414062 8.10755157470703125 17.295230865478515625 25.369754791259765625 21.034612655639648438 13.147191047668457031 14.312329292297363281 18.983621597290039062 17.7408905029296875 17.379667282104492188 29.808612823486328125 40.7404022216796875 40.865268707275390625 46.17829132080078125 49.179500579833984375 45.46215057373046875 41.425567626953125 41.1334686279296875 43.314403533935546875 37.623409271240234375 32.677944183349609375 30.205705642700195312 28.284536361694335938 34.506366729736328125 36.632083892822265625 38.19709014892578125 44.696102142333984375 39.776172637939453125 31.132162094116210938 29.387889862060546875 25.322910308837890625 20.617527008056640625 20.524545669555664062 20.4343719482421875 19.149263381958007812 21.897958755493164062 21.017004013061523438 13.295691490173339844 5.7350258827209472656
11.0482177734375 5.2768855094909667969 5.1443109512329101562 17.320774078369140625 20.746984481811523438 17.266412734985351562 13.534781455993652344 13.51092529296875 16.355237960815429688 14.979092597961425781 15.745321273803710938 29.2011260986328125 40.74036407470703125 37.52685546875 33.214977264404296875 38.093536376953125 46.91104888916015625 42.876842498779296875 32.4863128662109375 35.844425201416015625 34.887500762939453125 29.454923629760742188 31.329557418823242188 29.787517547607421875 30.923776626586914062 35.74639129638671875 39.13397216796875 36.367279052734375 27.486026763916015625 24.60955047607421875 26.967105865478515625 26.557201385498046875 22.615915298461914062 21.0596466064453125 19.78691864013671875 19.786291122436523438 25.18747711181640625 28.378843307495117188 22.021831512451171875 10.671908378601074219
6.236377716064453125 1.3199383020401000977 3.8429868221282958984 17.321193695068359375 20.747449874877929688 16.804330825805664062 13.147274971008300781 11.8809814453125 12.756715774536132812 13.021753311157226562 16.831964492797851562 28.709383010864257812 39.948497772216796875 40.4844818115234375 36.25096893310546875 35.33795928955078125 41.267024993896484375 44.944118499755859375 31.256505966186523438 29.136548995971679688 31.111713409423828125 24.312665939331054688 27.872461318969726562 31.35784912109375 31.852861404418945312 34.396732330322265625 33.55321502685546875 28.976558685302734375 25.473306655883789062 26.404680252075195312 29.803936004638671875 32.05770111083984375 28.083284378051757812 23.699556350708007812 20.421581268310546875 20.429395675659179688 26.23140716552734375 31.844446182250976562 29.336042404174804688 15.622994422912597656
4.8323025703430175781 0.65985023975372314453 0.65871900320053100586 12.705087661743164062 22.356975555419921875 19.567607879638671875 13.147555351257324219 10.078271865844726562 8.9214677810668945312 8.9745225906372070312 16.51458740234375 28.581470489501953125 33.776927947998046875 35.9644775390625 39.787006378173828125 33.878795623779296875 30.8979949951171875 42.26280975341796875 36.94476318359375 28.3084869384765625 28.992498397827148438 27.408834457397460938 30.5722503662109375 31.10234832763671875 26.20461273193359375 26.70171356201171875 27.129726409912109375 25.516017913818359375 23.857135772705078125 24.256092071533203125 27.131067276000976562 33.827922821044921875 33.57723236083984375 27.540658950805664062 22.97342681884765625 22.097629547119140625 26.44792938232421875 31.565128326416015625 32.54232025146484375 19.7802581787109375
6.3782520294189453125 8.2963094711303710938 9.756427764892578125 10.209695816040039062 18.40538787841796875 19.264219284057617188 13.295691490173339844 9.5545320510864257812 8.3234157562255859375 8.3236370086669921875 20.366016387939453125 34.928676605224609375 33.291973114013671875 30.977354049682617188 35.342571258544921875 29.2155303955078125 21.457166671752929688 33.2896575927734375 39.661701202392578125 29.794952392578125 23.688474655151367188 24.344663619995117188 27.511735916137695312 30.664667129516601562 24.926013946533203125 27.485551834106445312 29.125484466552734375 27.20940399169921875 23.653627395629882812 21.854917526245117188 22.17600250244140625 31.058679580688476562 34.2342681884765625 29.090742111206054688 24.606744766235351562 25.617959976196289062 26.447132110595703125 30.04166412353515625 34.850688934326171875 27.101902008056640625
14.127622604370117188 18.505563735961914062 17.103876113891601562 14.156782150268554688 12.508191108703613281 14.082476615905761719 11.686716079711914062 9.6632757186889648438 9.3536787033081054688 8.0523900985717773438 19.2302093505859375 35.3380279541015625 34.030605316162109375 29.335498809814453125 32.193378448486328125 28.67230224609375 20.115327835083007812 26.447132110595703125 35.350673675537109375 29.330060958862304688 23.360567092895507812 20.780292510986328125 20.524881362915039062 24.253902435302734375 25.893878936767578125 32.114898681640625 34.100215911865234375 34.728221893310546875 30.804342269897460938 24.34383392333984375 21.856153488159179688 29.203868865966796875 33.74361419677734375 30.942258834838867188 28.202117919921875 28.745222091674804688 25.373382568359375 28.0147247314453125 35.897754669189453125 34.234027862548828125
18.154277801513671875 23.41064453125 18.3744354248046875 17.3689422607421875 7.6970548629760742188 8.0524396896362304688 9.3888921737670898438 10.98001861572265625 14.082223892211914062 11.468712806701660156 11.880580902099609375 24.981075286865234375 31.844366073608398438 31.339418411254882812 32.534912109375 29.06911468505859375 24.265882492065429688 30.645771026611328125 34.772705078125 28.156057357788085938 27.9148101806640625 26.194705963134765625 24.904850006103515625 22.465673446655273438 29.036756515502929688 33.34285736083984375 31.47657012939453125 31.668972015380859375 30.901615142822265625 23.009180068969726562 20.524545669555664062 26.377073287963867188 33.2770843505859375 34.339847564697265625 35.55027008056640625 33.662006378173828125 25.263763427734375 24.945892333984375 33.80291748046875 36.666259765625
17.052036285400390625 21.970876693725585938 9.2346487045288085938 15.972950935363769531 10.23215484619140625 7.6881399154663085938 6.7754297256469726562 8.3538236618041992188 16.939760208129882812 15.61005401611328125 9.8968687057495117188 14.750469207763671875 22.522108078002929688 27.377077102661132812 28.709209442138671875 24.058929443359375 21.412496566772460938 31.907663345336914062 39.6629791259765625 32.243724822998046875 28.976827621459960938 31.09127044677734375 33.434478759765625 26.891147613525390625 24.17632293701171875 20.6000518798828125 15.181807518005371094 17.883396148681640625 24.359039306640625 20.40950775146484375 15.530701637268066406 18.941890716552734375 26.503953933715820312 29.987773895263671875 36.3769378662109375 38.0594329833984375 28.338266372680664062 23.645109176635742188 29.9946746826171875 35.744609832763671875
15.316715240478515625 17.320774078369140625 3.5122971534729003906 9.5511989593505859375 9.9822816848754882812 12.520730018615722656 10.118265151977539062 6.5959525108337402344 15.920497894287109375 19.433135986328125 11.880390167236328125 10.671863555908203125 15.609800338745117188 21.3990020751953125 25.88100433349609375 21.326702117919921875 16.77094268798828125 22.446886062622070312 32.62836456298828125 30.077945709228515625 23.561529159545898438 24.17755126953125 28.716398239135742188 23.222402572631835938 14.386287689208984375 9.6106424331665039062 4.8520870208740234375 9.6267099380493164062 18.789590835571289062 21.072729110717773438 15.142690658569335938 14.874437332153320312 21.864576339721679688 23.666952133178710938 27.984533309936523438 35.240085601806640625 32.032138824462890625 26.557550430297851562 27.76454925537109375 31.275236129760742188
12.131906509399414062 14.047895431518554688 6.0283765792846679688 7.6867394447326660156 9.6530313491821289062 12.273447990417480469 12.006058692932128906 10.925660133361816406 14.659521102905273438 17.714731216430664062 11.098095893859863281 8.9167766571044921875 9.4923639297485351562 13.551804542541503906 21.897403717041015625 21.0718231201171875 17.533189773559570312 18.072834014892578125 23.950471878051757812 25.384710311889648438 18.621213912963867188 14.218335151672363281 18.607028961181640625 19.273458480834960938 13.588709831237792969 9.3133382797241210938 6.4624347686767578125 8.3230676651000976562 13.402828216552734375 18.607992172241210938 18.506647109985351562 17.92281341552734375 24.262777328491210938 24.584852218627929688 21.066946029663085938 27.779148101806640625 31.269603729248046875 29.604707717895507812 29.787628173828125 31.611759185791015625
7.6573863029479980469 10.827996253967285156 5.1049218177795410156 6.549449920654296875 9.6102161407470703125 8.4978008270263671875 7.6871795654296875 5.2760863304138183594 7.0514988899230957031 12.575747489929199219 12.121542930603027344 9.3539323806762695312 5.1969389915466308594 6.0639023780822753906 13.056674957275390625 13.679513931274414062 12.221954345703125 14.128998756408691406 19.016626358032226562 22.10880279541015625 21.073001861572265625 14.697066307067871094 13.135586738586425781 14.207337379455566406 10.534637451171875 6.1218304634094238281 4.8145303726196289062 7.1096477508544921875 11.048944473266601562 13.562749862670898438 14.705369949340820312 17.300161361694335938 26.334405899047851562 28.478796005249023438 21.698915481567382812 22.973423004150390625 25.610834121704101562 26.388652801513671875 29.5161590576171875 37.6925048828125
4.2354421615600585938 9.4922437667846679688 6.1203637123107910156 5.2767043113708496094 7.68267059326171875 4.7115335464477539062 7.4506363868713378906 4.2338266372680664062 4.4617762565612792969 10.078519821166992188 13.726579666137695312 11.098241806030273438 5.2596025466918945312 6.4420490264892578125 10.521843910217285156 6.6907634735107421875 5.1974468231201171875 10.42433929443359375 15.117994308471679688 17.379919052124023438 19.931766510009765625 15.922846794128417969 12.241639137268066406 13.402286529541015625 13.110392570495605469 8.9176015853881835938 2.2316939830780029297 3.3980486392974853516 8.421939849853515625 10.715327262878417969 8.3811540603637695312 12.622961044311523438 23.848688125610351562 29.47066497802734375 23.050127029418945312 19.787851333618164062 19.174633026123046875 18.602895736694335938 22.097629547119140625 35.04842376708984375
6.8641614913940429688 15.71123504638671875 13.421971321105957031 11.507071495056152344 9.9831132888793945312 6.7921590805053710938 11.149036407470703125 6.3762054443359375 4.1613368988037109375 8.3535947799682617188 12.497982025146484375 11.546252250671386719 7.8054375648498535156 11.880336761474609375 14.4383544921875 9.2349300384521484375 6.2598862648010253906 9.2758579254150390625 15.203984260559082031 16.355077743530273438 15.672574996948242188 11.686964035034179688 10.392434120178222656 14.874065399169921875 18.434299468994140625 15.65247344970703125 7.7764387130737304688 3.6764087677001953125 5.4673066139221191406 8.55991363525390625 8.5058469772338867188 10.120432853698730469 17.49947357177734375 25.791624069213867188 23.041912078857421875 18.5595550537109375 17.232481002807617188 17.263994216918945312 21.864347457885742188 30.56853485107421875
13.892350196838378906 22.99124908447265625 14.978527069091796875 9.65309906005859375 10.713140487670898438 10.912295341491699219 14.204668998718261719 9.6345548629760742188 4.960071563720703125 6.0630049705505371094 11.46051788330078125 11.46051788330078125 9.3884525299072265625 15.672554969787597656 15.920746803283691406 7.6831593513488769531 7.6969008445739746094 8.2959966659545898438 15.100467681884765625 16.939556121826171875 12.704710960388183594 6.2361240386962890625 4.49349212646484375 9.6375255584716796875 16.31046295166015625 18.15578460693359375 13.402311325073242188 8.2980022430419921875 5.9262256622314453125 5.4824986457824707031 6.8928122520446777344 5.1511645317077636719 10.884984016418457031 19.171810150146484375 19.252145767211914062 16.741842269897460938 15.954610824584960938 17.923093795776367188 25.593847274780273438 33.276050567626953125
22.518518447875976562 29.066860198974609375 19.171567916870117188 8.3538045883178710938 5.7981457710266113281 9.0755443572998046875 14.04631805419921875 9.8730220794677734375 5.2759861946105957031 5.7984652519226074219 12.125316619873046875 11.50234222412109375 9.2759180068969726562 15.672574996948242188 16.6475677490234375 9.662731170654296875 7.1793799400329589844 9.4231405258178710938 12.241026878356933594 13.606970787048339844 9.2768220901489257812 6.3925905227661132812 5.7553057670593261719 7.3480725288391113281 12.826233863830566406 16.967912673950195312 15.36727142333984375 14.070642471313476562 10.849927902221679688 6.0869412422180175781 3.8457269668579101562 6.7683773040771484375 8.8432941436767578125 12.70462799072265625 13.787092208862304688 14.218924522399902344 14.143090248107910156 17.26335906982421875 25.056638717651367188 33.8031768798828125
24.201202392578125 31.841100692749023438 22.638162612915039062 13.607228279113769531 7.2753090858459472656 4.8113641738891601562 13.488438606262207031 8.9187173843383789062 4.9597859382629394531 8.940708160400390625 12.686522483825683594 10.932007789611816406 8.3226785659790039062 12.575745582580566406 16.113735198974609375 12.997082710266113281 8.2920513153076171875 5.104766845703125 5.0951395034790039062 6.7765955924987792969 10.436034202575683594 13.591815948486328125 12.799135208129882812 10.715027809143066406 12.322113037109375 17.264459609985351562 17.317762374877929688 15.434708595275878906 13.42360687255859375 8.9398508071899414062 7.8888568878173828125 8.4702882766723632812 6.7682356834411621094 7.324859619140625 9.636962890625 12.763566017150878906 13.901877403259277344 18.551507949829101562 23.06653594970703125 32.14363861083984375
28.33876800537109375 33.794429779052734375 24.200368881225585938 14.695958137512207031 7.4313912391662597656 3.8327233791351318359 12.495069503784179688 7.0222110748291015625 7.7748126983642578125 11.491998672485351562 10.875603675842285156 8.558380126953125 5.4660801887512207031 8.3144941329956054688 14.750576019287109375 16.235317230224609375 10.392863273620605469 1.611571192741394043 3.2351195812225341797 7.0475554466247558594 10.963563919067382812 12.305207252502441406 12.321820259094238281 9.6934080123901367188 8.381622314453125 12.252623558044433594 16.83185577392578125 15.092093467712402344 11.372773170471191406 12.112333297729492188 13.727114677429199219 8.3538045883178710938 4.1620435714721679688 5.1067962646484375 6.3932037353515625 8.3135042190551757812 10.191212654113769531 13.530133247375488281 17.969013214111328125 29.778957366943359375
31.485492706298828125 29.668149948120117188 22.644947052001953125 16.308803558349609375 10.962248802185058594 11.190066337585449219 11.7813262939453125 7.0453014373779296875 12.762003898620605469 13.454730987548828125 9.1320858001708984375 6.3906431198120117188 5.7444305419921875 5.9251718521118164062 10.919903755187988281 17.266414642333984375 12.121542930603027344 2.6393857002258300781 5.7448182106018066406 7.0219488143920898438 6.3881740570068359375 4.4720945358276367188 7.673633575439453125 7.4322519302368164062 6.3793025016784667969 7.4530458450317382812 13.726614952087402344 15.332792282104492188 9.6633253097534179688 11.88141632080078125 15.337267875671386719 10.05857086181640625 5.8636946678161621094 5.15120697021484375 5.1459860801696777344 4.4727110862731933594 5.2662596702575683594 4.6928625106811523438 9.8820018768310546875 22.991540908813476562
