Forest_LCP_Outputs/Forest_slope.asc
ncols        230
nrows        180
xllcorner    -120.054305556000
yllcorner    38.897361110946
cellsize     0.000277777778
NODATA_value -9999
[rows 108 to 125 of 180, columns 40 to 79 of 230]
16.583894729614257812 7.1083011627197265625 11.150927543640136719 26.293060302734375 35.416370391845703125 34.332271575927734375 41.3839874267578125 57.847026824951171875 56.11699676513671875 45.789875030517578125 44.802997589111328125 42.34711456298828125 45.646656036376953125 46.49811553955078125 35.76732635498046875 26.574581146240234375 28.101835250854492188 29.356561660766601562 24.0139312744140625 23.007755279541015625 19.631748199462890625 18.29688262939453125 21.121797561645507812 22.462957382202148438 22.350831985473632812 20.598690032958984375 18.90277099609375 37.68088531494140625 60.803417205810546875 38.52527618408203125 17.377344131469726562 29.12548828125 42.632419586181640625 47.790676116943359375 57.05570220947265625 62.158817291259765625 53.54482269287109375 35.54805755615234375 20.667972564697265625 20.123004913330078125
14.90493011474609375 6.1218304634094238281 12.497488975524902344 27.613145828247070312 33.969783782958984375 32.00662994384765625 38.105228424072265625 58.727203369140625 60.805400848388671875 47.974521636962890625 48.354007720947265625 51.746105194091796875 50.2106170654296875 43.062679290771484375 33.1190032958984375 30.8341827392578125 32.36934661865234375 30.639070510864257812 28.71762847900390625 31.577398300170898438 31.510389328002929688 20.95023345947265625 13.10070037841796875 14.234743118286132812 20.576168060302734375 17.368343353271484375 18.61834716796875 45.02248382568359375 60.841457366943359375 45.6349029541015625 32.414989471435546875 30.661884307861328125 35.133815765380859375 44.977748870849609375 56.166889190673828125 60.421848297119140625 61.944286346435546875 54.052112579345703125 35.356456756591796875 23.685876846313476562
12.01313018798828125 7.0519347190856933594 17.152301788330078125 30.31026458740234375 33.41168975830078125 32.30683135986328125 37.00061798095703125 55.101512908935546875 60.80544281005859375 54.04491424560546875 54.52640533447265625 53.296810150146484375 47.780590057373046875 40.595325469970703125 35.49393463134765625 41.13242340087890625 42.486629486083984375 37.275157928466796875 31.046895980834960938 28.270685195922851562 33.1814117431640625 30.132284164428710938 24.302936553955078125 26.321069717407226562 32.983188629150390625 32.98258209228515625 30.699705123901367188 43.30462646484375 59.290348052978515625 56.827301025390625 48.6510467529296875 46.54070281982421875 42.130168914794921875 45.923564910888671875 53.837123870849609375 50.9805755615234375 53.88613128662109375 53.4965057373046875 37.80886077880859375 24.247844696044921875
9.8968038558959960938 7.6686468124389648438 21.034393310546875 29.752557754516601562 29.109701156616210938 31.904382705688476562 39.073116302490234375 54.044689178466796875 60.279144287109375 60.902034759521484375 58.46953582763671875 48.45978546142578125 46.28932952880859375 44.94840240478515625 41.673480987548828125 47.98474884033203125 45.873889923095703125 26.844799041748046875 14.964823722839355469 15.324578285217285156 22.381175994873046875 22.983165740966796875 25.08330535888671875 29.731904983520507812 32.639892578125 36.660564422607421875 35.74179840087890625 36.39418792724609375 46.804355621337890625 50.41298675537109375 38.302455902099609375 37.4063262939453125 40.2263641357421875 43.353183746337890625 51.3521881103515625 50.3492584228515625 54.185924530029296875 47.45610809326171875 30.958892822265625 24.603460311889648438
8.4700765609741210938 6.8637776374816894531 20.269170761108398438 26.181257247924804688 25.57593536376953125 31.840852737426757812 42.882976531982421875 59.2342987060546875 63.576534271240234375 61.5049285888671875 54.559711456298828125 45.293552398681640625 47.86505126953125 46.8277587890625 42.79900360107421875 49.0825347900390625 45.42380523681640625 17.833587646484375 2.4246618747711181641 10.298663139343261719 19.357370376586914062 17.228441238403320312 12.797395706176757812 12.620385169982910156 12.619821548461914062 22.886112213134765625 27.681674957275390625 28.7458953857421875 36.55222320556640625 44.468563079833984375 37.4479522705078125 33.117443084716796875 37.47464752197265625 42.873706817626953125 49.366912841796875 53.01061248779296875 56.394683837890625 43.30438995361328125 29.488531112670898438 30.865169525146484375
7.2753090858459472656 5.843997955322265625 17.83303070068359375 25.541238784790039062 25.993175506591796875 33.49958038330078125 49.062892913818359375 62.652759552001953125 58.827495574951171875 53.393039703369140625 51.33568572998046875 48.5276336669921875 48.778240203857421875 44.528316497802734375 43.307098388671875 51.634181976318359375 51.08663177490234375 28.818464279174804688 12.49277496337890625 13.304811477661132812 20.695917129516601562 23.132169723510742188 14.899644851684570312 4.710880279541015625 3.2200918197631835938 10.531865119934082031 19.219234466552734375 28.075862884521484375 39.121715545654296875 44.258220672607421875 41.739345550537109375 36.311367034912109375 37.2803192138671875 44.76723480224609375 49.73725128173828125 52.191341400146484375 51.309722900390625 44.616130828857421875 37.0121917724609375 36.942089080810546875
6.4422945976257324219 6.0629396438598632812 17.960239410400390625 28.475034713745117188 30.404567718505859375 39.861125946044921875 54.752033233642578125 55.486103057861328125 44.68621826171875 42.685791015625 49.969669342041015625 55.382961273193359375 49.3824615478515625 37.6832733154296875 37.7206878662109375 49.355670928955078125 54.5561065673828125 42.52266693115234375 25.149580001831054688 11.5963897705078125 12.272318840026855469 20.379573822021484375 26.554506301879882812 22.398101806640625 9.60865020751953125 10.740225791931152344 18.623014450073242188 27.529781341552734375 42.61614227294921875 49.99100494384765625 45.916126251220703125 36.943447113037109375 36.94329833984375 44.76735687255859375 49.353046417236328125 49.2203521728515625 40.573673248291015625 35.540287017822265625 38.682849884033203125 46.495849609375
8.8433847427368164062 8.92084503173828125 18.12346649169921875 25.993175506591796875 31.719390869140625 43.12932586669921875 53.00559234619140625 46.7923126220703125 35.20850372314453125 36.667057037353515625 49.733448028564453125 60.826690673828125 50.92107391357421875 32.256866455078125 31.55181121826171875 44.974376678466796875 52.743541717529296875 52.071300506591796875 36.6529693603515625 15.283956527709960938 7.3240971565246582031 14.952260017395019531 24.114721298217773438 35.1714324951171875 26.385477066040039062 23.922784805297851562 20.634527206420898438 23.762502670288085938 39.4808807373046875 50.101619720458984375 48.72615814208984375 40.44216156005859375 38.601978302001953125 44.484020233154296875 45.520687103271484375 46.496082305908203125 37.847507476806640625 29.62291717529296875 37.447536468505859375 50.629840850830078125
12.282327651977539062 12.012877464294433594 14.639286994934082031 20.9359588623046875 32.208049774169921875 45.562530517578125 52.274326324462890625 45.308063507080078125 35.42873382568359375 37.837482452392578125 55.1015777587890625 63.922611236572265625 47.299495697021484375 29.499956130981445312 28.795572280883789062 39.656322479248046875 45.292354583740234375 51.583446502685546875 47.127223968505859375 28.084447860717773438 18.191225051879882812 17.841175079345703125 13.100632667541503906 28.075237274169921875 30.517486572265625 24.342304229736328125 15.67288970947265625 22.643079757690429688 37.03725433349609375 43.911815643310546875 44.89612579345703125 46.175479888916015625 45.14163970947265625 45.560192108154296875 39.251705169677734375 37.710636138916015625 39.853183746337890625 37.08675384521484375 41.081298828125 44.76729583740234375
10.920157432556152344 14.035861015319824219 14.639321327209472656 19.138179779052734375 28.244642257690429688 39.073131561279296875 47.105525970458984375 45.57305908203125 42.438232421875 43.102977752685546875 61.992031097412109375 67.5528564453125 40.537769317626953125 26.181232452392578125 27.01599884033203125 35.78385162353515625 40.25665283203125 44.802886962890625 48.405452728271484375 35.87343597412109375 23.91638946533203125 20.9256591796875 12.482942581176757812 14.134429931640625 20.694980621337890625 17.465124130249023438 15.139876365661621094 23.550859451293945312 34.3122406005859375 37.036663055419921875 37.624477386474609375 46.26871490478515625 50.82741546630859375 47.8736114501953125 37.982730865478515625 30.865030288696289062 37.07106781005859375 45.4231719970703125 53.186046600341796875 45.90724945068359375
11.150999069213867188 15.958909988403320312 19.441387176513671875 22.607030868530273438 27.1051177978515625 27.320363998413085938 33.44913482666015625 42.796661376953125 46.00931549072265625 45.234210968017578125 68.0597686767578125 78.11991119384765625 41.952053070068359375 26.503330230712890625 29.377424240112304688 34.75782012939453125 41.8503570556640625 44.948863983154296875 44.715179443359375 36.452785491943359375 29.0981903076171875 24.981115341186523438 17.560243606567382812 10.434378623962402344 14.681623458862304688 18.205564498901367188 19.891824722290039062 24.450489044189453125 29.618495941162109375 30.97503662109375 33.875926971435546875 41.326023101806640625 45.022006988525390625 46.167293548583984375 41.444942474365234375 33.87497711181640625 33.97979736328125 46.03098297119140625 59.244167327880859375 51.38372802734375
15.332354545593261719 19.106218338012695312 21.016206741333007812 22.646358489990234375 25.369998931884765625 18.721937179565429688 21.823896408081054688 39.073383331298828125 42.322353363037109375 36.43532562255859375 60.10527801513671875 86.45323944091796875 60.0101318359375 40.0274658203125 38.60388946533203125 31.843786239624023438 39.1331329345703125 42.7300567626953125 37.42093658447265625 35.964511871337890625 38.484806060791015625 31.20267486572265625 17.706024169921875 7.345672607421875 11.781476020812988281 21.397836685180664062 25.46224212646484375 24.991888046264648438 24.939422607421875 28.103487014770507812 33.79370880126953125 36.4511871337890625 32.20623016357421875 34.753322601318359375 34.52957916259765625 28.475582122802734375 32.15807342529296875 41.867588043212890625 50.826930999755859375 47.871692657470703125
20.26912689208984375 21.491250991821289062 22.15009307861328125 23.565919876098632812 23.901378631591796875 15.283796310424804688 18.722476959228515625 35.9100189208984375 38.989597320556640625 32.75757598876953125 44.8029022216796875 77.15734100341796875 73.8858642578125 59.86484527587890625 46.29991912841796875 26.110685348510742188 34.825237274169921875 40.01607513427734375 32.467723846435546875 34.834781646728515625 44.168712615966796875 33.796260833740234375 12.496829032897949219 1.9225535392761230469 13.488641738891601562 21.489498138427734375 23.91437530517578125 24.689184188842773438 25.056428909301757812 31.215970993041992188 36.2341461181640625 30.87021636962890625 21.9560699462890625 25.598974227905273438 30.670648574829101562 27.824430465698242188 35.335552215576171875 39.78475189208984375 39.717967987060546875 40.69298553466796875
20.268873214721679688 22.877414703369140625 24.941705703735351562 22.877336502075195312 20.800138473510742188 14.750219345092773438 18.123758316040039062 29.642560958862304688 35.4810943603515625 37.000530242919921875 44.751674652099609375 66.02066802978515625 69.9265289306640625 69.06995391845703125 55.791439056396484375 29.109441757202148438 33.60669708251953125 37.724697113037109375 29.277172088623046875 32.256259918212890625 42.61528778076171875 32.469024658203125 12.029890060424804688 9.8169469833374023438 15.316208839416503906 18.186092376708984375 18.29679107666015625 24.423688888549804688 30.3084564208984375 35.33559417724609375 35.662830352783203125 23.38466644287109375 14.979597091674804688 22.293218612670898438 30.253770828247070312 31.563016891479492188 39.289409637451171875 40.91971588134765625 35.662113189697265625 36.359836578369140625
16.154054641723632812 22.195554733276367188 24.762403488159179688 23.566974639892578125 23.244905471801757812 21.153123855590820312 21.308416366577148438 24.452146530151367188 31.218524932861328125 43.646526336669921875 55.6678924560546875 59.721004486083984375 58.949596405029296875 62.3988037109375 57.26943206787109375 41.042819976806640625 36.8943023681640625 35.342014312744140625 30.723447799682617188 35.485683441162109375 38.70090484619140625 25.541049957275390625 6.7771296501159667969 8.9843034744262695312 12.239810943603515625 13.108461380004882812 15.774523735046386719 25.615961074829101562 34.529621124267578125 34.529666900634765625 28.068080902099609375 17.843597412109375 14.992474555969238281 21.334421157836914062 27.979665756225585938 34.1787872314453125 40.656494140625 39.78475189208984375 35.91762542724609375 34.464420318603515625
12.752383232116699219 21.943361282348632812 23.21787261962890625 20.58931732177734375 20.935712814331054688 26.429836273193359375 29.0981903076171875 24.241491317749023438 28.34853363037109375 50.67458343505859375 64.5839691162109375 59.02146148681640625 56.362621307373046875 53.6024932861328125 49.496128082275390625 45.20737457275390625 42.1059417724609375 38.41274261474609375 38.709270477294921875 43.00342559814453125 34.7105712890625 18.488950729370117188 5.765594482421875 8.31072998046875 12.903756141662597656 14.976637840270996094 16.93781280517578125 24.239490509033203125 34.038860321044921875 35.232074737548828125 24.759632110595703125 13.399041175842285156 15.334530830383300781 21.956157684326171875 28.0685882568359375 37.9486541748046875 38.45735931396484375 33.967807769775390625 34.22135162353515625 33.519939422607421875
10.42418670654296875 24.025144577026367188 27.783132553100585938 20.378240585327148438 15.710991859436035156 28.105489730834960938 34.928676605224609375 27.605945587158203125 32.89996337890625 53.5460205078125 62.412876129150390625 59.984714508056640625 57.616832733154296875 49.209201812744140625 45.13455963134765625 45.562679290771484375 47.9306182861328125 46.995555877685546875 44.57688140869140625 42.038311004638671875 28.029735565185546875 16.45812225341796875 13.772349357604980469 15.395445823669433594 18.544521331787109375 22.740604400634765625 21.454624176025390625 22.516613006591796875 32.13994598388671875 40.847370147705078125 34.081317901611328125 16.93781280517578125 16.111452102661132812 21.336170196533203125 28.716249465942382812 39.6206207275390625 35.0943756103515625 28.200580596923828125 31.202722549438476562 32.636356353759765625
13.550639152526855469 26.5939483642578125 31.604162216186523438 18.14986419677734375 11.833294868469238281 28.475284576416015625 37.837158203125 32.20780181884765625 40.3176727294921875 51.74050140380859375 51.55902862548828125 56.117504119873046875 59.82114410400390625 53.532257080078125 48.48224639892578125 49.129840850830078125 49.96933746337890625 46.09639739990234375 41.91717529296875 36.6665191650390625 25.854946136474609375 20.579462051391601562 18.600887298583984375 14.881028175354003906 17.288326263427734375 21.353715896606445312 22.105648040771484375 20.11220550537109375 25.134059906005859375 38.909633636474609375 46.26871490478515625 28.792478561401367188 15.670324325561523438 19.329786300659179688 28.647369384765625 39.02075958251953125 29.641866683959960938 22.552562713623046875 30.2982940673828125 36.307079315185546875
